0 0.2080078125 0.6318359375 0.1572265625 0.1259765625
0 0.087890625 0.7685546875 0.1630859375 0.1474609375
0 0.56640625 0.9658203125 0.205078125 0.068359375
0 0.2861328125 0.8251953125 0.1884765625 0.109375
0 0.5029296875 0.8388671875 0.1923828125 0.1103515625
0 0.0791015625 0.6181640625 0.150390625 0.150390625
0 0.888671875 0.7060546875 0.1474609375 0.078125
0 0.322265625 0.5947265625 0.10546875 0.1220703125
0 0.7109375 0.7958984375 0.162109375 0.109375
0 0.5537109375 0.73046875 0.1591796875 0.103515625
0 0.349609375 0.982421875 0.16796875 0.03515625
0 0.46484375 0.51171875 0.1201171875 0.0947265625
0 0.126953125 0.4990234375 0.123046875 0.1044921875
0 0.22265625 0.537109375 0.1201171875 0.0947265625
0 0.427734375 0.6455078125 0.1181640625 0.1123046875
0 0.76953125 0.9169921875 0.1669921875 0.1494140625
0 0.626953125 0.64453125 0.1240234375 0.087890625
0 0.6513671875 0.4609375 0.0859375 0.0576171875
0 0.9453125 0.880859375 0.109375 0.1171875
0 0.2158203125 0.408203125 0.115234375 0.060546875
0 0.966796875 0.4638671875 0.0654296875 0.0634765625
0 0.7314453125 0.451171875 0.076171875 0.0615234375
0 0.34765625 0.4091796875 0.119140625 0.0556640625
0 0.03515625 0.435546875 0.0703125 0.08203125
0 0.0380859375 0.3515625 0.076171875 0.068359375
0 0.4111328125 0.3134765625 0.06640625 0.0576171875
0 0.369140625 0.2333984375 0.0654296875 0.037109375
0 0.5654296875 0.3212890625 0.064453125 0.0478515625
0 0.68359375 0.1826171875 0.0625 0.0498046875
0 0.533203125 0.416015625 0.1064453125 0.0556640625
0 0.9111328125 0.44140625 0.0751953125 0.0546875
0 0.9375 0.2646484375 0.064453125 0.044921875
0 0.6162109375 0.357421875 0.0888671875 0.05859375
0 0.2744140625 0.1767578125 0.064453125 0.044921875
0 0.8837890625 0.62890625 0.107421875 0.08203125
0 0.78515625 0.4326171875 0.0673828125 0.05859375
0 0.8876953125 0.7880859375 0.13671875 0.080078125
0 0.10546875 0.3359375 0.095703125 0.07421875
0 0.6416015625 0.5576171875 0.1025390625 0.0732421875
0 0.1474609375 0.1904296875 0.0654296875 0.044921875
0 0.314453125 0.2646484375 0.0693359375 0.044921875
0 0.185546875 0.3583984375 0.119140625 0.064453125
0 0.9033203125 0.3515625 0.0830078125 0.0400390625
0 0.67578125 0.248046875 0.0703125 0.048828125
0 0.38671875 0.12890625 0.05078125 0.0341796875
0 0.5322265625 0.2626953125 0.0673828125 0.0380859375
0 0.685546875 0.7060546875 0.125 0.0908203125
