0 0.41015625 0.4228515625 0.0537109375 0.0341796875
0 0.658203125 0.46875 0.0546875 0.0361328125
0 0.2529296875 0.4921875 0.0556640625 0.0361328125
1 0.5859375 0.3876953125 0.0693359375 0.0380859375
0 0.6552734375 0.583984375 0.072265625 0.03125
0 0.634765625 0.3359375 0.099609375 0.04296875
0 0.21875 0.671875 0.0576171875 0.02734375
0 0.890625 0.88671875 0.1005859375 0.06640625
0 0.4736328125 0.9287109375 0.1201171875 0.0556640625
0 0.7578125 0.8798828125 0.056640625 0.0458984375
1 0.0673828125 0.9375 0.068359375 0.0498046875
0 0.2529296875 0.890625 0.0498046875 0.0380859375
1 0.28515625 0.9765625 0.08203125 0.044921875
1 0.890625 0.986328125 0.0595703125 0.0234375
1 0.396484375 0.8681640625 0.0888671875 0.0537109375
1 0.4306640625 0.7978515625 0.0361328125 0.0224609375
1 0.6484375 0.85546875 0.0654296875 0.0439453125
2 0.26171875 0.806640625 0.09765625 0.0361328125
2 0.958984375 0.73828125 0.08203125 0.03125
2 0.6044921875 0.705078125 0.060546875 0.0400390625
0 0.80078125 0.7841796875 0.0537109375 0.0390625
2 0.8369140625 0.7236328125 0.0625 0.05078125
0 0.1025390625 0.7470703125 0.125 0.044921875
1 0.4443359375 0.7421875 0.0888671875 0.060546875
2 0.2080078125 0.6025390625 0.0830078125 0.0341796875
0 0.892578125 0.623046875 0.0751953125 0.037109375
0 0.7666015625 0.53515625 0.0810546875 0.046875
2 0.8466796875 0.4912109375 0.08203125 0.037109375
2 0.7529296875 0.4794921875 0.037109375 0.0439453125
0 0.548828125 0.560546875 0.0693359375 0.0380859375
2 0.4365234375 0.375 0.072265625 0.04296875
2 0.357421875 0.3271484375 0.0966796875 0.0341796875
1 0.5146484375 0.322265625 0.0458984375 0.03125
2 0.4921875 0.19140625 0.0810546875 0.041015625
2 0.8427734375 0.283203125 0.068359375 0.037109375
0 0.1396484375 0.3193359375 0.0595703125 0.015625
2 0.0361328125 0.22265625 0.048828125 0.0283203125
