0 0.2353515625 0.779296875 0.068359375 0.0625
0 0.3330078125 0.8837890625 0.0732421875 0.072265625
0 0.958984375 0.908203125 0.07421875 0.0732421875
0 0.544921875 0.8994140625 0.0673828125 0.05859375
0 0.2353515625 0.9560546875 0.06640625 0.060546875
0 0.9345703125 0.9755859375 0.130859375 0.0478515625
0 0.447265625 0.78515625 0.0634765625 0.0576171875
0 0.029296875 0.9111328125 0.05859375 0.068359375
0 0.1318359375 0.96875 0.0849609375 0.0625
0 0.59375 0.798828125 0.08984375 0.064453125
0 0.5908203125 0.7353515625 0.0703125 0.05078125
0 0.771484375 0.8193359375 0.0791015625 0.0537109375
0 0.5078125 0.8017578125 0.07421875 0.0673828125
0 0.3818359375 0.7568359375 0.08984375 0.0556640625
0 0.1328125 0.7431640625 0.072265625 0.0556640625
0 0.064453125 0.73828125 0.0830078125 0.048828125
0 0.4609375 0.708984375 0.0703125 0.044921875
0 0.7998046875 0.6748046875 0.0625 0.0400390625
0 0.5556640625 0.6943359375 0.0732421875 0.05078125
0 0.5400390625 0.6142578125 0.0771484375 0.0341796875
0 0.2236328125 0.615234375 0.06640625 0.0537109375
0 0.314453125 0.6044921875 0.0791015625 0.0595703125
0 0.5654296875 0.5498046875 0.0556640625 0.0419921875
0 0.689453125 0.5927734375 0.0478515625 0.0390625
0 0.9716796875 0.5771484375 0.056640625 0.048828125
0 0.796875 0.5234375 0.056640625 0.044921875
0 0.640625 0.5498046875 0.0546875 0.0419921875
0 0.3662109375 0.52734375 0.064453125 0.04296875
0 0.0322265625 0.5888671875 0.0576171875 0.04296875
0 0.2548828125 0.728515625 0.0693359375 0.0439453125
0 0.447265625 0.65625 0.0634765625 0.0400390625
0 0.4287109375 0.5703125 0.0693359375 0.0419921875
0 0.2685546875 0.544921875 0.064453125 0.037109375
0 0.1484375 0.595703125 0.06640625 0.041015625
0 0.095703125 0.8408203125 0.06640625 0.06640625
0 0.228515625 0.8798828125 0.0673828125 0.0556640625
0 0.158203125 0.876953125 0.072265625 0.0615234375
0 0.474609375 0.9111328125 0.0673828125 0.056640625
0 0.6875 0.94921875 0.05859375 0.052734375
0 0.6484375 0.904296875 0.0927734375 0.0517578125
0 0.7255859375 0.8974609375 0.0859375 0.0703125
0 0.900390625 0.83203125 0.076171875 0.06640625
0 0.3310546875 0.828125 0.05859375 0.041015625
0 0.0341796875 0.6494140625 0.068359375 0.0458984375
0 0.19921875 0.470703125 0.0556640625 0.0458984375
0 0.380859375 0.4775390625 0.0576171875 0.048828125
0 0.53515625 0.5107421875 0.07421875 0.0400390625
0 0.708984375 0.5107421875 0.064453125 0.04296875
0 0.9638671875 0.7216796875 0.0625 0.046875
0 0.9794921875 0.806640625 0.041015625 0.0546875
0 0.8740234375 0.40625 0.0595703125 0.041015625
0 0.4970703125 0.4541015625 0.0634765625 0.0302734375
0 0.283203125 0.478515625 0.0576171875 0.0380859375
0 0.0576171875 0.42578125 0.060546875 0.0546875
0 0.1826171875 0.33203125 0.099609375 0.056640625
0 0.1025390625 0.5478515625 0.052734375 0.04296875
0 0.7529296875 0.431640625 0.0517578125 0.04296875
0 0.521484375 0.322265625 0.05859375 0.0439453125
0 0.79296875 0.2646484375 0.0576171875 0.03515625
0 0.6181640625 0.287109375 0.0478515625 0.0322265625
0 0.4189453125 0.2744140625 0.041015625 0.02734375
0 0.3310546875 0.298828125 0.05859375 0.0341796875
0 0.7265625 0.142578125 0.0556640625 0.041015625
0 0.787109375 0.201171875 0.0673828125 0.0419921875
0 0.3544921875 0.1943359375 0.0498046875 0.0341796875
0 0.1171875 0.236328125 0.05078125 0.0498046875
0 0.283203125 0.2861328125 0.041015625 0.029296875
0 0.4580078125 0.0859375 0.0380859375 0.02734375
0 0.9384765625 0.7587890625 0.0478515625 0.0537109375
0 0.822265625 0.6416015625 0.0712890625 0.05078125
0 0.1083984375 0.685546875 0.0693359375 0.041015625
0 0.037109375 0.689453125 0.0732421875 0.05078125
0 0.025390625 0.8291015625 0.0498046875 0.0595703125
0 0.115234375 0.419921875 0.0654296875 0.0478515625
0 0.3798828125 0.375 0.0537109375 0.03515625
0 0.48828125 0.345703125 0.0517578125 0.029296875
0 0.8818359375 0.2734375 0.0439453125 0.04296875
0 0.94921875 0.4599609375 0.05859375 0.048828125
0 0.8798828125 0.5009765625 0.0546875 0.041015625
0 0.603515625 0.5908203125 0.0546875 0.0576171875
1 0.2275390625 0.6884765625 0.0654296875 0.046875
1 0.20703125 0.537109375 0.0546875 0.048828125
0 0.3173828125 0.0703125 0.0283203125 0.017578125
0 0.4912109375 0.2021484375 0.04296875 0.0322265625
