0 0.357421875 0.9404296875 0.0791015625 0.0927734375
0 0.6767578125 0.791015625 0.091796875 0.068359375
0 0.53125 0.7138671875 0.072265625 0.0703125
0 0.0576171875 0.48046875 0.095703125 0.0673828125
0 0.01953125 0.66015625 0.0390625 0.05859375
0 0.296875 0.775390625 0.068359375 0.0556640625
0 0.5146484375 0.7685546875 0.091796875 0.0546875
0 0.599609375 0.58984375 0.091796875 0.0517578125
0 0.4228515625 0.5966796875 0.0751953125 0.0498046875
0 0.3505859375 0.6630859375 0.078125 0.048828125
0 0.6484375 0.8876953125 0.0859375 0.064453125
0 0.671875 0.953125 0.0859375 0.0625
0 0.26953125 0.83984375 0.064453125 0.0537109375
0 0.681640625 0.6611328125 0.0751953125 0.05859375
0 0.58203125 0.640625 0.0947265625 0.060546875
0 0.255859375 0.5419921875 0.0703125 0.0498046875
0 0.1962890625 0.1943359375 0.091796875 0.0576171875
0 0.6123046875 0.05078125 0.0927734375 0.046875
0 0.474609375 0.103515625 0.0712890625 0.029296875
0 0.81640625 0.0908203125 0.0634765625 0.0458984375
0 0.0283203125 0.107421875 0.0517578125 0.0458984375
0 0.73046875 0.1865234375 0.064453125 0.04296875
0 0.7744140625 0.2841796875 0.06640625 0.0537109375
0 0.3935546875 0.3046875 0.0810546875 0.0595703125
0 0.3154296875 0.2763671875 0.07421875 0.052734375
0 0.5009765625 0.3427734375 0.0625 0.0458984375
0 0.5732421875 0.19140625 0.064453125 0.041015625
0 0.4482421875 0.1376953125 0.068359375 0.046875
0 0.8115234375 0.21875 0.0546875 0.0390625
0 0.38671875 0.359375 0.060546875 0.0537109375
0 0.078125 0.25 0.0712890625 0.0478515625
0 0.7939453125 0.60546875 0.0810546875 0.0556640625
0 0.888671875 0.5244140625 0.0712890625 0.0478515625
0 0.607421875 0.4931640625 0.072265625 0.0478515625
0 0.33984375 0.48828125 0.068359375 0.052734375
0 0.2197265625 0.4814453125 0.087890625 0.05078125
0 0.47265625 0.298828125 0.0498046875 0.048828125
0 0.322265625 0.0927734375 0.0537109375 0.046875
0 0.2119140625 0.294921875 0.0693359375 0.041015625
0 0.974609375 0.04296875 0.05078125 0.03515625
0 0.146484375 0.4208984375 0.0791015625 0.0576171875
0 0.490234375 0.5693359375 0.0791015625 0.0595703125
0 0.224609375 0.12890625 0.0693359375 0.046875
0 0.6015625 0.2275390625 0.080078125 0.0478515625
0 0.7177734375 0.3525390625 0.0625 0.052734375
0 0.751953125 0.037109375 0.0498046875 0.03515625
0 0.142578125 0.640625 0.06640625 0.0537109375
0 0.111328125 0.068359375 0.0830078125 0.044921875
0 0.5869140625 0.3759765625 0.056640625 0.03515625
0 0.7705078125 0.3857421875 0.06640625 0.0478515625
0 0.8173828125 0.548828125 0.0546875 0.046875
0 0.962890625 0.5615234375 0.0625 0.0390625
0 0.9580078125 0.72265625 0.076171875 0.0546875
0 0.6689453125 0.16796875 0.0625 0.056640625
0 0.818359375 0.1796875 0.0595703125 0.0439453125
