1 0.505859375 0.95703125 0.0439453125 0.056640625
0 0.4375 0.9541015625 0.0283203125 0.0341796875
0 0.5654296875 0.951171875 0.0341796875 0.0361328125
0 0.60546875 0.9423828125 0.0244140625 0.0322265625
2 0.3916015625 0.8857421875 0.0341796875 0.03125
1 0.5791015625 0.8994140625 0.03515625 0.021484375
2 0.7099609375 0.912109375 0.046875 0.0380859375
0 0.5712890625 0.853515625 0.048828125 0.0322265625
2 0.646484375 0.8779296875 0.04296875 0.046875
2 0.5263671875 0.8115234375 0.033203125 0.044921875
2 0.7529296875 0.861328125 0.0234375 0.03125
0 0.1220703125 0.814453125 0.0546875 0.03125
0 0.431640625 0.763671875 0.0263671875 0.0390625
0 0.484375 0.7138671875 0.0390625 0.03515625
2 0.8935546875 0.9375 0.03515625 0.0380859375
2 0.8251953125 0.869140625 0.0400390625 0.044921875
2 0.962890625 0.828125 0.056640625 0.046875
2 0.7314453125 0.810546875 0.060546875 0.0283203125
2 0.6845703125 0.76953125 0.046875 0.03125
0 0.537109375 0.74609375 0.0341796875 0.017578125
0 0.7158203125 0.7353515625 0.0458984375 0.03515625
0 0.9296875 0.78125 0.0234375 0.021484375
0 0.6005859375 0.806640625 0.025390625 0.0322265625
2 0.810546875 0.76171875 0.0361328125 0.0400390625
0 0.9638671875 0.748046875 0.0400390625 0.0615234375
0 0.2666015625 0.85546875 0.03125 0.0234375
0 0.31640625 0.8583984375 0.0244140625 0.0283203125
2 0.310546875 0.591796875 0.03515625 0.033203125
2 0.267578125 0.6337890625 0.017578125 0.025390625
2 0.3134765625 0.6337890625 0.0263671875 0.0283203125
2 0.203125 0.6728515625 0.048828125 0.0390625
2 0.14453125 0.728515625 0.06640625 0.0234375
2 0.1923828125 0.638671875 0.0380859375 0.025390625
1 0.322265625 0.7626953125 0.0390625 0.029296875
0 0.2529296875 0.7109375 0.0322265625 0.025390625
0 0.234375 0.80078125 0.0322265625 0.0234375
0 0.5615234375 0.6708984375 0.0400390625 0.025390625
2 0.3857421875 0.5888671875 0.037109375 0.0302734375
0 0.5380859375 0.60546875 0.0419921875 0.0322265625
0 0.52734375 0.56640625 0.03125 0.0263671875
0 0.62109375 0.646484375 0.033203125 0.015625
2 0.8955078125 0.673828125 0.021484375 0.0283203125
2 0.8251953125 0.6396484375 0.0322265625 0.0078125
2 0.7392578125 0.6435546875 0.0322265625 0.0224609375
2 0.7353515625 0.4912109375 0.0498046875 0.056640625
0 0.689453125 0.5390625 0.033203125 0.0263671875
0 0.7900390625 0.583984375 0.0390625 0.0234375
0 0.8046875 0.5400390625 0.02734375 0.0302734375
2 0.7822265625 0.4638671875 0.02734375 0.0185546875
2 0.8369140625 0.4794921875 0.0390625 0.037109375
2 0.9326171875 0.6357421875 0.0302734375 0.0244140625
2 0.9453125 0.67578125 0.03515625 0.0302734375
0 0.875 0.51171875 0.025390625 0.03515625
0 0.087890625 0.595703125 0.037109375 0.017578125
0 0.3017578125 0.48828125 0.0380859375 0.025390625
1 0.1142578125 0.49609375 0.03125 0.0205078125
2 0.0751953125 0.42578125 0.0322265625 0.0263671875
0 0.0732421875 0.4208984375 0.0322265625 0.0185546875
2 0.728515625 0.4033203125 0.0283203125 0.0302734375
0 0.572265625 0.30078125 0.037109375 0.025390625
0 0.6591796875 0.3623046875 0.02734375 0.0185546875
0 0.58984375 0.40234375 0.0439453125 0.0224609375
0 0.1953125 0.4853515625 0.0341796875 0.0185546875
2 0.2255859375 0.373046875 0.0419921875 0.0185546875
2 0.080078125 0.34375 0.03515625 0.0166015625
2 0.3203125 0.4326171875 0.029296875 0.0244140625
2 0.2109375 0.3203125 0.0478515625 0.017578125
2 0.2490234375 0.279296875 0.0576171875 0.03125
