0 0.25390625 0.810546875 0.0859375 0.107421875
2 0.6123046875 0.763671875 0.072265625 0.15234375
0 0.5791015625 0.6884765625 0.0009765625 0.001953125
1 0.154296875 0.8818359375 0.0458984375 0.1162109375
0 0.2783203125 0.939453125 0.0625 0.0712890625
2 0.4189453125 0.912109375 0.0859375 0.1064453125
0 0.5712890625 0.9287109375 0.0986328125 0.1220703125
2 0.3349609375 0.591796875 0.0810546875 0.0546875
2 0.4375 0.6357421875 0.0498046875 0.15234375
1 0.125 0.7177734375 0.068359375 0.0615234375
2 0.6572265625 0.10546875 0.0419921875 0.052734375
2 0.0712890625 0.447265625 0.08203125 0.1435546875
2 0.8525390625 0.6044921875 0.0537109375 0.0693359375
2 0.69921875 0.8310546875 0.046875 0.12109375
2 0.4794921875 0.462890625 0.05078125 0.052734375
2 0.666015625 0.4345703125 0.05078125 0.068359375
2 0.322265625 0.1748046875 0.064453125 0.0654296875
2 0.7744140625 0.236328125 0.041015625 0.0654296875
2 0.1005859375 0.162109375 0.03515625 0.0498046875
