0 0.2197265625 0.7255859375 0.0791015625 0.064453125
0 0.4375 0.978515625 0.1328125 0.04296875
0 0.78125 0.5732421875 0.0859375 0.0712890625
0 0.548828125 0.974609375 0.1181640625 0.05078125
0 0.8564453125 0.892578125 0.0986328125 0.0830078125
0 0.27734375 0.5693359375 0.060546875 0.0673828125
0 0.46484375 0.671875 0.0908203125 0.07421875
0 0.3271484375 0.3662109375 0.0869140625 0.0576171875
0 0.6630859375 0.607421875 0.072265625 0.048828125
0 0.4619140625 0.83984375 0.07421875 0.0654296875
0 0.2294921875 0.2685546875 0.1142578125 0.0751953125
0 0.1259765625 0.57421875 0.06640625 0.05078125
0 0.3427734375 0.974609375 0.0966796875 0.05078125
0 0.365234375 0.7783203125 0.1064453125 0.0634765625
0 0.916015625 0.9775390625 0.0986328125 0.0439453125
0 0.220703125 0.7822265625 0.0751953125 0.0595703125
0 0.603515625 0.630859375 0.068359375 0.060546875
0 0.45703125 0.50390625 0.099609375 0.05859375
0 0.6201171875 0.560546875 0.078125 0.0595703125
0 0.1875 0.6748046875 0.1015625 0.052734375
0 0.07421875 0.7978515625 0.078125 0.0595703125
0 0.697265625 0.1123046875 0.080078125 0.0498046875
0 0.740234375 0.150390625 0.087890625 0.056640625
0 0.6806640625 0.0546875 0.0810546875 0.06640625
0 0.1572265625 0.1416015625 0.0830078125 0.0537109375
0 0.064453125 0.90234375 0.083984375 0.0546875
0 0.0625 0.59765625 0.0625 0.0517578125
0 0.7822265625 0.482421875 0.0849609375 0.06640625
0 0.9140625 0.490234375 0.087890625 0.05859375
0 0.4248046875 0.2919921875 0.0615234375 0.0498046875
0 0.4296875 0.2392578125 0.091796875 0.0517578125
0 0.2314453125 0.1015625 0.0751953125 0.0556640625
0 0.9501953125 0.07421875 0.068359375 0.0537109375
0 0.7705078125 0.2900390625 0.0732421875 0.0576171875
0 0.9072265625 0.2265625 0.107421875 0.0625
0 0.3564453125 0.0771484375 0.0947265625 0.0615234375
0 0.525390625 0.0888671875 0.0791015625 0.0439453125
0 0.5888671875 0.13671875 0.0634765625 0.0478515625
0 0.775390625 0.0634765625 0.0751953125 0.056640625
0 0.4873046875 0.3232421875 0.103515625 0.056640625
0 0.693359375 0.9755859375 0.08984375 0.048828125
0 0.7578125 0.96484375 0.0771484375 0.0634765625
0 0.181640625 0.3974609375 0.10546875 0.0712890625
0 0.046875 0.0439453125 0.0771484375 0.048828125
0 0.556640625 0.244140625 0.080078125 0.0546875
0 0.068359375 0.5419921875 0.0908203125 0.0615234375
0 0.9208984375 0.408203125 0.0732421875 0.0537109375
0 0.3291015625 0.169921875 0.083984375 0.0625
0 0.8740234375 0.1826171875 0.072265625 0.03515625
0 0.5478515625 0.4638671875 0.0751953125 0.0498046875
0 0.2841796875 0.9462890625 0.05859375 0.0537109375
0 0.041015625 0.3115234375 0.0703125 0.052734375
0 0.05078125 0.1728515625 0.0712890625 0.060546875
0 0.86328125 0.7373046875 0.1015625 0.0654296875
0 0.0361328125 0.2646484375 0.0634765625 0.056640625
0 0.615234375 0.3759765625 0.080078125 0.0625
0 0.9404296875 0.140625 0.0869140625 0.0556640625
0 0.6064453125 0.02734375 0.0615234375 0.04296875
