0 0.3251953125 0.978515625 0.072265625 0.04296875
0 0.169921875 0.97265625 0.125 0.0517578125
0 0.17578125 0.6201171875 0.0439453125 0.0576171875
0 0.4765625 0.6572265625 0.068359375 0.0576171875
0 0.4365234375 0.9052734375 0.0576171875 0.0458984375
0 0.6494140625 0.7236328125 0.060546875 0.0400390625
0 0.5849609375 0.78515625 0.052734375 0.044921875
0 0.5263671875 0.8173828125 0.0673828125 0.0517578125
0 0.33203125 0.9228515625 0.06640625 0.0517578125
0 0.9091796875 0.4794921875 0.068359375 0.0458984375
0 0.2724609375 0.669921875 0.0791015625 0.0537109375
0 0.796875 0.7861328125 0.060546875 0.0478515625
0 0.921875 0.7705078125 0.0556640625 0.03515625
0 0.248046875 0.9453125 0.0732421875 0.0478515625
0 0.66796875 0.4189453125 0.0576171875 0.0390625
0 0.5791015625 0.505859375 0.068359375 0.052734375
0 0.642578125 0.6357421875 0.0791015625 0.0380859375
0 0.73046875 0.79296875 0.0693359375 0.0556640625
0 0.734375 0.50390625 0.0703125 0.056640625
0 0.3583984375 0.3056640625 0.06640625 0.0439453125
0 0.30859375 0.412109375 0.0810546875 0.0458984375
0 0.482421875 0.3671875 0.0576171875 0.0419921875
0 0.1337890625 0.38671875 0.0576171875 0.0341796875
0 0.4052734375 0.544921875 0.0673828125 0.0419921875
0 0.0712890625 0.720703125 0.0712890625 0.0361328125
0 0.3837890625 0.248046875 0.0546875 0.04296875
0 0.208984375 0.2421875 0.0615234375 0.0361328125
0 0.607421875 0.35546875 0.0615234375 0.041015625
0 0.84765625 0.6708984375 0.064453125 0.04296875
0 0.5830078125 0.7138671875 0.060546875 0.0458984375
0 0.732421875 0.755859375 0.048828125 0.044921875
0 0.892578125 0.8076171875 0.060546875 0.0498046875
0 0.115234375 0.478515625 0.052734375 0.037109375
0 0.39453125 0.482421875 0.046875 0.033203125
0 0.6982421875 0.2646484375 0.05078125 0.0380859375
0 0.2373046875 0.1591796875 0.0478515625 0.02734375
0 0.451171875 0.1953125 0.0458984375 0.0380859375
0 0.1142578125 0.337890625 0.0556640625 0.0380859375
0 0.326171875 0.1875 0.0517578125 0.0390625
0 0.6689453125 0.1474609375 0.0419921875 0.03515625
0 0.0341796875 0.357421875 0.0458984375 0.0478515625
0 0.6181640625 0.5556640625 0.052734375 0.046875
0 0.94921875 0.568359375 0.0556640625 0.03515625
0 0.71875 0.611328125 0.048828125 0.0419921875
0 0.22265625 0.41796875 0.06640625 0.0380859375
0 0.5458984375 0.2275390625 0.0615234375 0.0458984375
0 0.7373046875 0.2216796875 0.0576171875 0.0400390625
0 0.5791015625 0.416015625 0.064453125 0.0390625
0 0.25390625 0.3564453125 0.0498046875 0.0361328125
0 0.365234375 0.1279296875 0.046875 0.0283203125
0 0.603515625 0.3232421875 0.0322265625 0.029296875
0 0.2314453125 0.3046875 0.0498046875 0.0263671875
0 0.9091796875 0.2685546875 0.0537109375 0.0361328125
0 0.0263671875 0.580078125 0.052734375 0.046875
0 0.08203125 0.6806640625 0.0576171875 0.0390625
0 0.8623046875 0.57421875 0.056640625 0.04296875
0 0.3857421875 0.6904296875 0.060546875 0.0400390625
0 0.2841796875 0.244140625 0.05859375 0.0400390625
0 0.6533203125 0.759765625 0.083984375 0.0419921875
0 0.53125 0.26953125 0.0478515625 0.03125
0 0.615234375 0.056640625 0.03125 0.0205078125
0 0.642578125 0.0302734375 0.033203125 0.0205078125
0 0.12109375 0.0927734375 0.0537109375 0.03515625
0 0.2783203125 0.111328125 0.041015625 0.0244140625
0 0.7021484375 0.0927734375 0.0361328125 0.025390625
0 0.6181640625 0.2333984375 0.052734375 0.0283203125
0 0.59765625 0.8759765625 0.060546875 0.04296875
0 0.6572265625 0.87890625 0.060546875 0.0400390625
0 0.12109375 0.54296875 0.0458984375 0.0419921875
0 0.4873046875 0.0751953125 0.03515625 0.0224609375
0 0.7333984375 0.71484375 0.0625 0.04296875
0 0.23828125 0.853515625 0.0546875 0.037109375
0 0.4208984375 0.2890625 0.0546875 0.033203125
0 0.66015625 0.5283203125 0.0498046875 0.0400390625
0 0.3369140625 0.4794921875 0.0458984375 0.029296875
0 0.2216796875 0.509765625 0.048828125 0.033203125
0 0.84375 0.53125 0.0537109375 0.033203125
0 0.67578125 0.306640625 0.0458984375 0.0380859375
0 0.8310546875 0.2900390625 0.0498046875 0.0283203125
0 0.15625 0.2060546875 0.0576171875 0.0302734375
0 0.2490234375 0.4755859375 0.0537109375 0.0341796875
0 0.0439453125 0.4755859375 0.04296875 0.0341796875
0 0.310546875 0.552734375 0.064453125 0.033203125
0 0.91015625 0.4169921875 0.0517578125 0.0419921875
0 0.1005859375 0.5869140625 0.0439453125 0.0341796875
0 0.4453125 0.9541015625 0.0673828125 0.05078125
0 0.5224609375 0.7763671875 0.0517578125 0.037109375
0 0.390625 0.365234375 0.0498046875 0.0322265625
0 0.642578125 0.6806640625 0.080078125 0.048828125
0 0.9580078125 0.75 0.0556640625 0.0390625
