0 0.419921875 0.8974609375 0.0859375 0.0712890625
2 0.109375 0.9580078125 0.1455078125 0.068359375
2 0.2744140625 0.931640625 0.09375 0.048828125
2 0.072265625 0.888671875 0.0947265625 0.052734375
2 0.927734375 0.9091796875 0.0830078125 0.04296875
0 0.658203125 0.8642578125 0.07421875 0.0517578125
0 0.1572265625 0.8427734375 0.0859375 0.0419921875
2 0.21875 0.8759765625 0.0400390625 0.046875
0 0.513671875 0.943359375 0.08203125 0.0419921875
0 0.8818359375 0.845703125 0.1015625 0.0634765625
1 0.2255859375 0.79296875 0.0888671875 0.05078125
1 0.5087890625 0.830078125 0.05859375 0.0439453125
1 0.5927734375 0.759765625 0.0927734375 0.052734375
2 0.4814453125 0.779296875 0.0751953125 0.0322265625
2 0.619140625 0.6611328125 0.080078125 0.048828125
2 0.7822265625 0.7451171875 0.107421875 0.0537109375
2 0.34765625 0.39453125 0.0927734375 0.0576171875
2 0.5693359375 0.4013671875 0.1142578125 0.0390625
2 0.4658203125 0.43359375 0.08984375 0.029296875
2 0.134765625 0.23828125 0.0947265625 0.02734375
2 0.0595703125 0.1279296875 0.1142578125 0.0380859375
2 0.55859375 0.0859375 0.0517578125 0.029296875
2 0.6416015625 0.931640625 0.0859375 0.044921875
0 0.3115234375 0.7421875 0.087890625 0.0361328125
0 0.115234375 0.677734375 0.1005859375 0.0390625
2 0.087890625 0.6337890625 0.1171875 0.0302734375
1 0.35546875 0.6708984375 0.091796875 0.0458984375
1 0.3525390625 0.546875 0.1123046875 0.0478515625
0 0.640625 0.458984375 0.1005859375 0.0322265625
0 0.77734375 0.515625 0.0634765625 0.0322265625
2 0.109375 0.50390625 0.10546875 0.05859375
2 0.7265625 0.306640625 0.138671875 0.06640625
