0 0.4931640625 0.712890625 0.0654296875 0.056640625
0 0.375 0.6650390625 0.0615234375 0.068359375
0 0.3994140625 0.72265625 0.07421875 0.0517578125
0 0.7470703125 0.431640625 0.052734375 0.05078125
0 0.185546875 0.4560546875 0.0732421875 0.04296875
0 0.1142578125 0.4638671875 0.0703125 0.0556640625
0 0.4658203125 0.7685546875 0.083984375 0.064453125
0 0.5244140625 0.806640625 0.068359375 0.05859375
0 0.255859375 0.52734375 0.0732421875 0.0537109375
0 0.203125 0.5703125 0.0732421875 0.0634765625
0 0.6689453125 0.6640625 0.056640625 0.0517578125
0 0.8232421875 0.205078125 0.0634765625 0.048828125
0 0.8916015625 0.6591796875 0.0703125 0.064453125
0 0.1015625 0.5654296875 0.0634765625 0.052734375
0 0.8154296875 0.482421875 0.064453125 0.044921875
0 0.703125 0.3974609375 0.068359375 0.0478515625
0 0.4560546875 0.5244140625 0.0615234375 0.064453125
0 0.7861328125 0.1630859375 0.0732421875 0.064453125
0 0.7265625 0.6796875 0.0732421875 0.0634765625
0 0.8330078125 0.3291015625 0.0654296875 0.0654296875
0 0.3427734375 0.828125 0.0732421875 0.0556640625
0 0.6689453125 0.9111328125 0.080078125 0.056640625
0 0.40234375 0.7763671875 0.0595703125 0.0576171875
0 0.822265625 0.61328125 0.080078125 0.0634765625
0 0.3798828125 0.0556640625 0.060546875 0.0517578125
0 0.2900390625 0.564453125 0.0712890625 0.0419921875
0 0.07421875 0.5 0.0693359375 0.05078125
0 0.5927734375 0.21875 0.05859375 0.0537109375
0 0.720703125 0.6220703125 0.07421875 0.0537109375
0 0.17578125 0.5 0.076171875 0.0419921875
0 0.29296875 0.431640625 0.078125 0.068359375
0 0.8193359375 0.8310546875 0.0869140625 0.0537109375
0 0.9794921875 0.25390625 0.041015625 0.0576171875
0 0.0390625 0.9755859375 0.078125 0.048828125
0 0.46484375 0.388671875 0.08984375 0.078125
0 0.748046875 0.2138671875 0.0654296875 0.0458984375
0 0.384765625 0.5302734375 0.0810546875 0.0595703125
0 0.3466796875 0.75390625 0.0634765625 0.0498046875
0 0.3828125 0.9072265625 0.080078125 0.0673828125
0 0.5341796875 0.5869140625 0.080078125 0.0478515625
0 0.8994140625 0.8291015625 0.076171875 0.068359375
0 0.3896484375 0.1220703125 0.060546875 0.04296875
0 0.16015625 0.421875 0.0595703125 0.046875
0 0.83984375 0.134765625 0.052734375 0.0537109375
0 0.8017578125 0.4375 0.060546875 0.0537109375
0 0.4345703125 0.9765625 0.0625 0.044921875
0 0.5986328125 0.7783203125 0.0615234375 0.0615234375
0 0.640625 0.1376953125 0.0830078125 0.0654296875
0 0.5498046875 0.7470703125 0.08203125 0.0595703125
0 0.357421875 0.98046875 0.1025390625 0.0390625
0 0.4736328125 0.3017578125 0.0712890625 0.0595703125
0 0.6044921875 0.5263671875 0.0595703125 0.0478515625
0 0.884765625 0.5517578125 0.0634765625 0.046875
0 0.3037109375 0.6064453125 0.0634765625 0.044921875
0 0.4384765625 0.6083984375 0.0771484375 0.044921875
0 0.71484375 0.1826171875 0.0693359375 0.0458984375
0 0.72265625 0.083984375 0.0673828125 0.0556640625
0 0.626953125 0.724609375 0.0634765625 0.0546875
0 0.6865234375 0.828125 0.0751953125 0.064453125
0 0.3583984375 0.185546875 0.08984375 0.0478515625
0 0.5166015625 0.50390625 0.0634765625 0.0458984375
0 0.826171875 0.66796875 0.0771484375 0.0517578125
0 0.5185546875 0.6630859375 0.0849609375 0.044921875
0 0.8994140625 0.255859375 0.064453125 0.048828125
0 0.794921875 0.1015625 0.0771484375 0.05859375
0 0.9072265625 0.3857421875 0.0732421875 0.0576171875
0 0.55078125 0.3212890625 0.09765625 0.0634765625
0 0.185546875 0.3701171875 0.064453125 0.0546875
0 0.19140625 0.8388671875 0.0966796875 0.0576171875
0 0.982421875 0.5087890625 0.0341796875 0.0537109375
0 0.185546875 0.783203125 0.099609375 0.056640625
0 0.7568359375 0.794921875 0.0830078125 0.0556640625
0 0.8369140625 0.876953125 0.0849609375 0.0419921875
0 0.2255859375 0.27734375 0.0634765625 0.0546875
0 0.693359375 0.4443359375 0.05859375 0.046875
0 0.15234375 0.73828125 0.0732421875 0.0537109375
0 0.537109375 0.623046875 0.0703125 0.0419921875
0 0.41015625 0.091796875 0.052734375 0.041015625
0 0.6044921875 0.6484375 0.0810546875 0.0478515625
0 0.1845703125 0.2236328125 0.091796875 0.048828125
0 0.26953125 0.9228515625 0.076171875 0.064453125
0 0.3671875 0.6142578125 0.0615234375 0.0439453125
0 0.1064453125 0.2607421875 0.064453125 0.05078125
0 0.4560546875 0.119140625 0.0654296875 0.052734375
0 0.3125 0.6474609375 0.0634765625 0.044921875
0 0.36328125 0.572265625 0.0732421875 0.044921875
0 0.388671875 0.8544921875 0.0693359375 0.05078125
0 0.0986328125 0.4169921875 0.06640625 0.048828125
0 0.3173828125 0.869140625 0.0732421875 0.048828125
0 0.578125 0.6953125 0.0869140625 0.0478515625
0 0.03125 0.8779296875 0.0625 0.056640625
0 0.1943359375 0.68359375 0.0693359375 0.0546875
0 0.71875 0.13671875 0.0625 0.0498046875
0 0.32421875 0.234375 0.07421875 0.0517578125
0 0.427734375 0.4423828125 0.0703125 0.052734375
0 0.734375 0.0283203125 0.048828125 0.0556640625
0 0.95703125 0.2119140625 0.0654296875 0.048828125
0 0.2939453125 0.3154296875 0.0869140625 0.0615234375
0 0.439453125 0.1845703125 0.0615234375 0.0556640625
0 0.912109375 0.5859375 0.0859375 0.0498046875
0 0.1728515625 0.638671875 0.0654296875 0.05078125
0 0.837890625 0.275390625 0.0751953125 0.0439453125
0 0.87890625 0.1650390625 0.0595703125 0.0498046875
0 0.1181640625 0.36328125 0.0654296875 0.048828125
0 0.248046875 0.474609375 0.064453125 0.05078125
0 0.5771484375 0.8798828125 0.06640625 0.04296875
0 0.7724609375 0.3818359375 0.08203125 0.05078125
0 0.359375 0.353515625 0.0703125 0.052734375
0 0.1640625 0.314453125 0.068359375 0.064453125
0 0.98046875 0.732421875 0.0390625 0.0517578125
0 0.396484375 0.22265625 0.068359375 0.0478515625
0 0.40625 0.1552734375 0.0556640625 0.037109375
0 0.421875 0.3369140625 0.064453125 0.0556640625
0 0.1142578125 0.88671875 0.0751953125 0.0693359375
0 0.193359375 0.9833984375 0.09765625 0.033203125
0 0.662109375 0.56640625 0.0771484375 0.056640625
0 0.7060546875 0.490234375 0.06640625 0.0458984375
0 0.7734375 0.0556640625 0.05859375 0.0478515625
0 0.537109375 0.544921875 0.076171875 0.0439453125
0 0.2275390625 0.7255859375 0.080078125 0.0595703125
0 0.03125 0.3408203125 0.0625 0.0498046875
0 0.537109375 0.9677734375 0.0693359375 0.0595703125
1 0.8642578125 0.9755859375 0.1845703125 0.046875
0 0.7978515625 0.2431640625 0.068359375 0.0380859375
0 0.66796875 0.2255859375 0.0703125 0.0478515625
0 0.64453125 0.615234375 0.076171875 0.044921875
0 0.0625 0.1259765625 0.076171875 0.0498046875
0 0.5185546875 0.029296875 0.060546875 0.0439453125
0 0.0908203125 0.0634765625 0.072265625 0.0419921875
0 0.3486328125 0.4873046875 0.08203125 0.0498046875
0 0.2568359375 0.19921875 0.0751953125 0.0517578125
0 0.65625 0.287109375 0.0712890625 0.05078125
0 0.4990234375 0.1669921875 0.0810546875 0.0517578125
0 0.9521484375 0.060546875 0.0712890625 0.046875
0 0.8681640625 0.4697265625 0.0625 0.056640625
0 0.17578125 0.0771484375 0.052734375 0.0458984375
0 0.0654296875 0.8193359375 0.0673828125 0.046875
0 0.6806640625 0.0654296875 0.064453125 0.048828125
0 0.8701171875 0.0166015625 0.0576171875 0.0322265625
0 0.5927734375 0.078125 0.0888671875 0.05859375
