0 0.552734375 0.65234375 0.0673828125 0.0615234375
0 0.2890625 0.400390625 0.078125 0.0703125
0 0.6298828125 0.9619140625 0.095703125 0.0751953125
0 0.0830078125 0.1806640625 0.080078125 0.064453125
0 0.6298828125 0.8232421875 0.0849609375 0.0732421875
0 0.4462890625 0.15234375 0.0830078125 0.0693359375
0 0.1455078125 0.208984375 0.064453125 0.0595703125
0 0.65234375 0.6318359375 0.072265625 0.0576171875
0 0.2392578125 0.255859375 0.0712890625 0.0546875
0 0.5126953125 0.30078125 0.05859375 0.0673828125
0 0.5537109375 0.232421875 0.046875 0.0478515625
0 0.9033203125 0.58984375 0.1044921875 0.0654296875
0 0.826171875 0.255859375 0.0537109375 0.0458984375
0 0.375 0.4365234375 0.0810546875 0.0615234375
0 0.044921875 0.7861328125 0.0869140625 0.0869140625
0 0.8310546875 0.62890625 0.0791015625 0.0703125
0 0.87109375 0.6796875 0.07421875 0.0517578125
0 0.048828125 0.5986328125 0.091796875 0.0673828125
0 0.53125 0.595703125 0.07421875 0.0625
0 0.443359375 0.251953125 0.072265625 0.0595703125
0 0.3916015625 0.9404296875 0.091796875 0.0869140625
0 0.1845703125 0.4306640625 0.080078125 0.0595703125
0 0.7724609375 0.5947265625 0.0888671875 0.068359375
0 0.3798828125 0.3525390625 0.0732421875 0.0576171875
0 0.9638671875 0.9091796875 0.072265625 0.05859375
0 0.1484375 0.48046875 0.064453125 0.0546875
0 0.5517578125 0.86328125 0.099609375 0.05859375
0 0.0458984375 0.974609375 0.0859375 0.0498046875
0 0.5234375 0.9140625 0.0791015625 0.0576171875
0 0.1591796875 0.1484375 0.09375 0.0673828125
0 0.474609375 0.953125 0.0810546875 0.0595703125
0 0.3466796875 0.62109375 0.08203125 0.056640625
0 0.1748046875 0.77734375 0.099609375 0.0732421875
0 0.666015625 0.68359375 0.0986328125 0.060546875
0 0.2197265625 0.4853515625 0.0751953125 0.0654296875
0 0.2158203125 0.65625 0.0859375 0.0625
0 0.3369140625 0.3203125 0.068359375 0.05078125
0 0.447265625 0.7373046875 0.1015625 0.078125
0 0.8955078125 0.4541015625 0.0849609375 0.0556640625
0 0.6455078125 0.1591796875 0.0693359375 0.0556640625
0 0.1806640625 0.3359375 0.0654296875 0.0576171875
0 0.03515625 0.666015625 0.0703125 0.064453125
0 0.6806640625 0.5830078125 0.0810546875 0.05078125
0 0.5859375 0.39453125 0.0673828125 0.0546875
0 0.9794921875 0.9716796875 0.041015625 0.052734375
0 0.654296875 0.5390625 0.0595703125 0.05859375
0 0.48828125 0.833984375 0.0693359375 0.0634765625
0 0.5615234375 0.2802734375 0.0693359375 0.0498046875
0 0.4013671875 0.0732421875 0.0703125 0.0595703125
0 0.787109375 0.689453125 0.08203125 0.07421875
0 0.3125 0.45703125 0.0849609375 0.048828125
0 0.599609375 0.2001953125 0.0791015625 0.0556640625
0 0.3037109375 0.126953125 0.072265625 0.0673828125
0 0.7724609375 0.314453125 0.0634765625 0.0498046875
0 0.7333984375 0.3583984375 0.0712890625 0.0615234375
0 0.3193359375 0.5283203125 0.076171875 0.0595703125
0 0.666015625 0.1005859375 0.0830078125 0.0615234375
0 0.826171875 0.5595703125 0.072265625 0.048828125
0 0.494140625 0.4873046875 0.0634765625 0.0478515625
0 0.1259765625 0.556640625 0.06640625 0.0595703125
0 0.275390625 0.59765625 0.0927734375 0.056640625
0 0.76953125 0.53515625 0.0556640625 0.056640625
0 0.701171875 0.849609375 0.07421875 0.0693359375
0 0.3369140625 0.267578125 0.0654296875 0.0634765625
0 0.81640625 0.1337890625 0.060546875 0.0458984375
0 0.5966796875 0.5966796875 0.0634765625 0.048828125
0 0.546875 0.9873046875 0.1484375 0.025390625
0 0.65625 0.2890625 0.0703125 0.048828125
0 0.767578125 0.0478515625 0.0693359375 0.0673828125
0 0.5546875 0.4365234375 0.052734375 0.0517578125
0 0.1318359375 0.9697265625 0.0888671875 0.060546875
0 0.912109375 0.95703125 0.091796875 0.072265625
0 0.3994140625 0.541015625 0.0830078125 0.0673828125
0 0.0712890625 0.8837890625 0.103515625 0.0810546875
0 0.61328125 0.3076171875 0.044921875 0.05078125
0 0.62109375 0.248046875 0.0732421875 0.046875
0 0.2236328125 0.734375 0.0849609375 0.0576171875
0 0.666015625 0.0302734375 0.146484375 0.0595703125
0 0.115234375 0.6142578125 0.0634765625 0.0556640625
0 0.9287109375 0.857421875 0.1044921875 0.056640625
0 0.0283203125 0.34765625 0.056640625 0.0537109375
0 0.7177734375 0.265625 0.0869140625 0.041015625
0 0.5888671875 0.7216796875 0.0791015625 0.06640625
0 0.5595703125 0.162109375 0.0732421875 0.056640625
0 0.4140625 0.025390625 0.08984375 0.05078125
0 0.0908203125 0.2373046875 0.072265625 0.052734375
0 0.2607421875 0.986328125 0.1376953125 0.0263671875
0 0.2021484375 0.072265625 0.0771484375 0.07421875
0 0.2890625 0.2275390625 0.06640625 0.0517578125
0 0.6484375 0.486328125 0.0615234375 0.0478515625
0 0.9521484375 0.724609375 0.0908203125 0.0498046875
0 0.8427734375 0.3017578125 0.0615234375 0.0458984375
0 0.455078125 0.888671875 0.0751953125 0.05859375
0 0.6875 0.21484375 0.0927734375 0.0673828125
0 0.2841796875 0.0224609375 0.0673828125 0.044921875
0 0.93359375 0.2998046875 0.060546875 0.0439453125
0 0.1943359375 0.0166015625 0.1396484375 0.033203125
0 0.2509765625 0.943359375 0.0830078125 0.06640625
0 0.3740234375 0.986328125 0.072265625 0.0263671875
0 0.1220703125 0.287109375 0.076171875 0.0556640625
0 0.6064453125 0.455078125 0.064453125 0.0576171875
0 0.716796875 0.1484375 0.0712890625 0.0537109375
0 0.9814453125 0.640625 0.0361328125 0.076171875
0 0.4462890625 0.2978515625 0.05859375 0.0361328125
0 0.3212890625 0.9287109375 0.0625 0.0751953125
0 0.04296875 0.298828125 0.0859375 0.0556640625
0 0.5576171875 0.0234375 0.06640625 0.0419921875
0 0.779296875 0.9384765625 0.0615234375 0.05859375
0 0.908203125 0.8095703125 0.072265625 0.0478515625
0 0.1279296875 0.0615234375 0.076171875 0.064453125
0 0.8427734375 0.833984375 0.07421875 0.0673828125
0 0.2099609375 0.2080078125 0.068359375 0.0654296875
0 0.9306640625 0.0810546875 0.0576171875 0.0478515625
0 0.822265625 0.443359375 0.0693359375 0.037109375
