0 0.78125 0.9248046875 0.1298828125 0.0615234375
1 0.1845703125 0.9189453125 0.154296875 0.0615234375
2 0.70703125 0.8427734375 0.173828125 0.044921875
2 0.154296875 0.8564453125 0.134765625 0.0458984375
2 0.5166015625 0.69140625 0.1103515625 0.0673828125
2 0.1572265625 0.765625 0.150390625 0.05859375
0 0.65234375 0.76171875 0.1064453125 0.08203125
2 0.7255859375 0.6162109375 0.1328125 0.0703125
2 0.353515625 0.6953125 0.080078125 0.0595703125
2 0.44140625 0.6376953125 0.1162109375 0.0546875
2 0.3818359375 0.53125 0.1318359375 0.056640625
2 0.671875 0.541015625 0.0712890625 0.0634765625
0 0.546875 0.51171875 0.1025390625 0.05078125
0 0.1064453125 0.5576171875 0.1025390625 0.0400390625
2 0.8154296875 0.4892578125 0.1455078125 0.046875
0 0.1787109375 0.4853515625 0.1171875 0.0546875
0 0.2119140625 0.427734375 0.1259765625 0.044921875
2 0.541015625 0.4609375 0.1318359375 0.01953125
2 0.05859375 0.6591796875 0.0791015625 0.0380859375
2 0.8564453125 0.724609375 0.1123046875 0.05078125
0 0.755859375 0.431640625 0.087890625 0.05078125
0 0.853515625 0.392578125 0.0859375 0.033203125
2 0.1201171875 0.3330078125 0.171875 0.0576171875
0 0.615234375 0.345703125 0.271484375 0.04296875
2 0.6103515625 0.3427734375 0.255859375 0.037109375
1 0.775390625 0.2998046875 0.1171875 0.0498046875
2 0.4306640625 0.3173828125 0.162109375 0.0498046875
2 0.4853515625 0.228515625 0.1103515625 0.0263671875
2 0.337890625 0.2666015625 0.1328125 0.025390625
2 0.7421875 0.1787109375 0.072265625 0.0625
0 0.37890625 0.2119140625 0.111328125 0.0390625
0 0.46875 0.1689453125 0.087890625 0.0498046875
2 0.0810546875 0.2744140625 0.1142578125 0.0625
2 0.4248046875 0.1044921875 0.103515625 0.056640625
0 0.873046875 0.2236328125 0.07421875 0.0498046875
