0 0.3984375 0.2392578125 0.0791015625 0.0478515625
0 0.4013671875 0.2431640625 0.068359375 0.0498046875
0 0.5966796875 0.2919921875 0.0625 0.04296875
0 0.4609375 0.3359375 0.0537109375 0.037109375
0 0.3115234375 0.49609375 0.0791015625 0.0751953125
0 0.607421875 0.3544921875 0.0771484375 0.056640625
0 0.6513671875 0.525390625 0.080078125 0.060546875
2 0.8447265625 0.36328125 0.0556640625 0.05859375
0 0.2080078125 0.8427734375 0.087890625 0.0830078125
0 0.564453125 0.9130859375 0.060546875 0.0673828125
0 0.6474609375 0.96484375 0.0673828125 0.0703125
0 0.3154296875 0.962890625 0.1015625 0.0712890625
0 0.537109375 0.7060546875 0.0517578125 0.044921875
0 0.71484375 0.357421875 0.0791015625 0.07421875
0 0.619140625 0.46875 0.056640625 0.03125
0 0.6474609375 0.7275390625 0.0849609375 0.060546875
2 0.5107421875 0.6455078125 0.0537109375 0.0546875
1 0.4365234375 0.865234375 0.060546875 0.078125
1 0.078125 0.47265625 0.033203125 0.048828125
0 0.5078125 0.548828125 0.06640625 0.048828125
0 0.828125 0.43359375 0.0576171875 0.0439453125
