1 0.8388671875 0.7978515625 0.1484375 0.064453125
2 0.365234375 0.796875 0.220703125 0.0712890625
2 0.1318359375 0.7998046875 0.119140625 0.0830078125
1 0.201171875 0.5322265625 0.09765625 0.0498046875
0 0.2783203125 0.6845703125 0.1279296875 0.0576171875
0 0.1259765625 0.619140625 0.0859375 0.0517578125
1 0.619140625 0.7119140625 0.083984375 0.0546875
0 0.7099609375 0.6640625 0.09765625 0.052734375
0 0.53515625 0.5029296875 0.1181640625 0.0615234375
2 0.85546875 0.646484375 0.0595703125 0.0458984375
0 0.3203125 0.58203125 0.07421875 0.0498046875
1 0.755859375 0.5341796875 0.064453125 0.048828125
2 0.4326171875 0.3779296875 0.11328125 0.060546875
2 0.6376953125 0.4345703125 0.1591796875 0.078125
0 0.107421875 0.4619140625 0.095703125 0.0478515625
1 0.9384765625 0.4482421875 0.080078125 0.08203125
0 0.0869140625 0.3251953125 0.0791015625 0.0419921875
2 0.4580078125 0.22265625 0.1123046875 0.0556640625
0 0.814453125 0.3818359375 0.1318359375 0.0712890625
2 0.8125 0.1337890625 0.107421875 0.0751953125
0 0.0791015625 0.2099609375 0.1572265625 0.0810546875
0 0.435546875 0.1240234375 0.1240234375 0.06640625
2 0.1708984375 0.03125 0.1328125 0.05859375
2 0.6142578125 0.1259765625 0.0888671875 0.0693359375
0 0.6123046875 0.0263671875 0.1044921875 0.04296875
