0 0.8701171875 0.62109375 0.1337890625 0.099609375
0 0.5888671875 0.9423828125 0.150390625 0.1142578125
0 0.1513671875 0.1044921875 0.1337890625 0.14453125
0 0.556640625 0.6494140625 0.138671875 0.11328125
0 0.447265625 0.2314453125 0.119140625 0.1044921875
0 0.2216796875 0.5625 0.1767578125 0.08984375
0 0.763671875 0.4873046875 0.1220703125 0.087890625
0 0.5341796875 0.4404296875 0.142578125 0.08984375
0 0.107421875 0.759765625 0.1572265625 0.1201171875
0 0.6162109375 0.2802734375 0.1123046875 0.0751953125
0 0.7119140625 0.095703125 0.1240234375 0.087890625
0 0.279296875 0.6552734375 0.1162109375 0.060546875
0 0.69140625 0.2314453125 0.0986328125 0.0751953125
0 0.6123046875 0.1298828125 0.076171875 0.072265625
0 0.46875 0.3740234375 0.1259765625 0.0654296875
0 0.275390625 0.3759765625 0.1298828125 0.0830078125
0 0.79296875 0.2373046875 0.109375 0.09765625
0 0.173828125 0.966796875 0.2177734375 0.06640625
0 0.333984375 0.25390625 0.11328125 0.078125
0 0.552734375 0.1865234375 0.1240234375 0.0771484375
0 0.7109375 0.73828125 0.1259765625 0.0849609375
0 0.8818359375 0.1650390625 0.138671875 0.083984375
0 0.8779296875 0.5244140625 0.1337890625 0.095703125
0 0.3427734375 0.076171875 0.10546875 0.08203125
0 0.8828125 0.32421875 0.1328125 0.083984375
0 0.6494140625 0.4052734375 0.1181640625 0.1064453125
0 0.3955078125 0.802734375 0.1376953125 0.080078125
0 0.1328125 0.193359375 0.119140625 0.0869140625
0 0.3271484375 0.935546875 0.171875 0.0869140625
0 0.77734375 0.9365234375 0.1455078125 0.0966796875
0 0.2431640625 0.2216796875 0.10546875 0.1171875
0 0.5771484375 0.01953125 0.1337890625 0.0380859375
0 0.5390625 0.0771484375 0.1083984375 0.0810546875
0 0.92578125 0.248046875 0.1416015625 0.0966796875
0 0.9296875 0.744140625 0.134765625 0.103515625
0 0.1318359375 0.6396484375 0.1533203125 0.083984375
0 0.3486328125 0.580078125 0.1103515625 0.119140625
0 0.279296875 0.3046875 0.107421875 0.0693359375
0 0.71484375 0.8310546875 0.1044921875 0.1083984375
0 0.53125 0.529296875 0.1201171875 0.09765625
0 0.8271484375 0.791015625 0.1259765625 0.078125
0 0.6357421875 0.0576171875 0.1103515625 0.0673828125
0 0.4013671875 0.673828125 0.1435546875 0.09375
0 0.158203125 0.263671875 0.091796875 0.0546875
0 0.0283203125 0.7001953125 0.056640625 0.087890625
0 0.98046875 0.1708984375 0.0390625 0.1259765625
0 0.8505859375 0.021484375 0.15234375 0.04296875
0 0.443359375 0.0478515625 0.1259765625 0.0751953125
0 0.1669921875 0.833984375 0.115234375 0.06640625
0 0.1865234375 0.4794921875 0.1484375 0.0927734375
0 0.9482421875 0.900390625 0.1025390625 0.1220703125
0 0.1044921875 0.017578125 0.1572265625 0.03515625
0 0.8193359375 0.0888671875 0.1044921875 0.1044921875
0 0.0419921875 0.22265625 0.083984375 0.083984375
0 0.2802734375 0.015625 0.162109375 0.03125
0 0.416015625 0.1396484375 0.158203125 0.126953125
0 0.142578125 0.9091796875 0.2119140625 0.126953125
