0 0.85156 0.88125 0.26250 0.23750
1 0.10469 0.61172 0.20938 0.27344
0 0.15469 0.28828 0.30938 0.33906
0 0.43984 0.61953 0.20156 0.20156
0 0.26250 0.63906 0.26250 0.26250
1 0.22578 0.27109 0.16406 0.16406
3 0.07422 0.50313 0.14844 0.15625
0 0.88359 0.26328 0.23281 0.24219
1 0.78906 0.40156 0.31562 0.31562
2 0.60547 0.46016 0.28281 0.28281
1 0.29141 0.76953 0.27969 0.27969
0 0.62891 0.63203 0.20469 0.20469
1 0.59922 0.12422 0.18594 0.18594
2 0.54219 0.47656 0.18438 0.18438
0 0.87422 0.92109 0.19844 0.15781
