0 0.06797 0.58906 0.13594 0.15625
3 0.47422 0.30078 0.26719 0.26719
1 0.11484 0.12891 0.22969 0.25781
1 0.34297 0.39766 0.19844 0.19844
3 0.51172 0.90625 0.21719 0.18750
0 0.11641 0.85625 0.23281 0.28750
2 0.67891 0.62109 0.25781 0.25781
1 0.74609 0.12344 0.27031 0.24688
2 0.39922 0.85078 0.26719 0.26719
3 0.45000 0.41406 0.15937 0.15937
3 0.75938 0.83750 0.27500 0.27500
0 0.42734 0.23203 0.23281 0.23281
0 0.62578 0.87422 0.20469 0.20469
0 0.76328 0.34609 0.22656 0.22656
3 0.89453 0.67422 0.21094 0.27344
3 0.86797 0.30859 0.17969 0.17969
2 0.62187 0.47344 0.25000 0.25000
2 0.79141 0.21172 0.22344 0.22344
1 0.59609 0.62109 0.22344 0.22344
