3 0.73828 0.48047 0.21406 0.21406
1 0.40078 0.26953 0.22031 0.22031
0 0.30938 0.15937 0.28125 0.28125
0 0.09688 0.73438 0.19375 0.21563
1 0.83125 0.41875 0.33750 0.35313
2 0.37422 0.73672 0.28906 0.28906
1 0.81641 0.16016 0.22031 0.22031
3 0.36562 0.45625 0.32500 0.32500
0 0.80625 0.47344 0.29375 0.29375
1 0.84922 0.71016 0.20781 0.20781
2 0.17344 0.14297 0.29375 0.28594
3 0.11719 0.84531 0.19687 0.19687
1 0.50078 0.88203 0.25156 0.23594
2 0.74297 0.57578 0.21094 0.21094
0 0.36328 0.87891 0.26406 0.24219
