0 0.54688 0.58750 0.12500 0.12500
0 0.32109 0.82422 0.30469 0.30469
1 0.74687 0.81563 0.21875 0.21875
0 0.36016 0.21172 0.33281 0.33281
0 0.41328 0.48516 0.28281 0.28281
3 0.36484 0.60547 0.18594 0.18594
0 0.56484 0.10078 0.24219 0.20156
0 0.48281 0.89219 0.22187 0.21563
0 0.22969 0.13281 0.26562 0.26562
0 0.60703 0.38516 0.19219 0.19219
1 0.54688 0.85938 0.22500 0.22500
0 0.91250 0.74141 0.17500 0.20469
0 0.33125 0.76875 0.30938 0.30938
0 0.18125 0.20781 0.17813 0.17813
1 0.78828 0.86094 0.32344 0.27813
0 0.68125 0.25469 0.28125 0.28125
2 0.71094 0.12187 0.30938 0.24375
0 0.45078 0.10312 0.27031 0.20625
