0 0.12734 0.60234 0.25469 0.32031
0 0.50234 0.09766 0.21094 0.19531
1 0.66016 0.41172 0.24531 0.24531
1 0.37266 0.24766 0.27656 0.27656
0 0.28359 0.86172 0.22969 0.22969
0 0.31562 0.14375 0.23125 0.23125
1 0.58750 0.19375 0.31562 0.31562
0 0.49844 0.77656 0.35938 0.35938
2 0.62813 0.84688 0.26250 0.26250
0 0.62891 0.16797 0.29844 0.29844
0 0.49531 0.62500 0.22812 0.22812
0 0.25625 0.25156 0.20625 0.20625
2 0.68437 0.47500 0.28750 0.28750
2 0.84219 0.46094 0.24375 0.24375
0 0.44141 0.54766 0.21094 0.21094
1 0.80312 0.86875 0.16250 0.16250
0 0.68906 0.67188 0.32812 0.32812
