1 0.20547 0.80859 0.27969 0.27969
1 0.08203 0.39453 0.16406 0.20156
1 0.48438 0.36719 0.19687 0.19687
1 0.88672 0.77812 0.22656 0.24375
2 0.40781 0.76562 0.30312 0.30312
2 0.50156 0.21563 0.23750 0.23750
3 0.29063 0.81406 0.28125 0.28125
0 0.61641 0.07266 0.17969 0.14531
1 0.31641 0.80391 0.21406 0.21406
2 0.72266 0.83359 0.34844 0.33281
2 0.41328 0.85078 0.16719 0.16719
2 0.33672 0.55078 0.29844 0.29844
3 0.57656 0.12969 0.15937 0.15937
1 0.09609 0.30156 0.19219 0.25312
3 0.43359 0.28828 0.16719 0.16719
1 0.70156 0.41094 0.30312 0.30312
3 0.26641 0.56953 0.20156 0.20156
3 0.70469 0.18906 0.31875 0.31875
3 0.64062 0.62969 0.21563 0.21563
3 0.84453 0.34609 0.17031 0.17031
