3 0.26172 0.46172 0.12969 0.12969
3 0.84141 0.22109 0.27656 0.27656
1 0.82109 0.41953 0.24844 0.24844
3 0.71172 0.74609 0.26406 0.26406
3 0.50234 0.36328 0.27969 0.27969
0 0.37344 0.44844 0.17500 0.17500
1 0.35781 0.52812 0.27500 0.27500
2 0.14609 0.43047 0.29219 0.29219
1 0.65312 0.57656 0.26875 0.26875
0 0.71641 0.34141 0.14219 0.14219
2 0.21563 0.14688 0.23438 0.23438
3 0.51719 0.45469 0.20000 0.20000
1 0.28750 0.30312 0.20938 0.20938
1 0.75391 0.68359 0.17031 0.17031
3 0.57734 0.83672 0.27969 0.27969
1 0.10547 0.10547 0.15781 0.15781
1 0.83516 0.79063 0.32969 0.33750
1 0.11719 0.45391 0.23438 0.24531
