1 0.39141 0.28984 0.13281 0.13281
2 0.25312 0.73906 0.26250 0.26250
1 0.66094 0.30312 0.32812 0.32812
1 0.22734 0.39297 0.16406 0.16406
1 0.24219 0.18750 0.21563 0.21563
0 0.16484 0.82109 0.29844 0.29844
3 0.31641 0.86016 0.21094 0.21094
3 0.41797 0.37734 0.25781 0.25781
2 0.82812 0.65469 0.26562 0.26562
3 0.40625 0.88594 0.22187 0.22187
0 0.64609 0.53047 0.27031 0.27031
1 0.79141 0.44297 0.31406 0.31406
0 0.65469 0.35313 0.22187 0.22187
2 0.27266 0.67578 0.18594 0.18594
3 0.37656 0.60000 0.23125 0.23125
1 0.49141 0.69453 0.23281 0.23281
2 0.23750 0.26094 0.20312 0.20312
0 0.83750 0.08281 0.14375 0.14375
2 0.87266 0.82891 0.15469 0.15469
