0 0.68516 0.73516 0.24844 0.24844
3 0.40547 0.61328 0.28281 0.28281
0 0.73906 0.40156 0.28125 0.28125
0 0.77812 0.23750 0.19062 0.19062
2 0.13281 0.73125 0.19687 0.19687
2 0.12656 0.35781 0.25312 0.33437
0 0.56406 0.61406 0.23125 0.23125
0 0.28281 0.85000 0.28437 0.28437
0 0.26484 0.24297 0.23281 0.23281
1 0.53672 0.38203 0.20781 0.20781
0 0.63906 0.88438 0.22812 0.22812
0 0.20312 0.42500 0.19062 0.19062
3 0.74141 0.12266 0.27656 0.24531
0 0.16172 0.32578 0.22969 0.22969
0 0.28203 0.09609 0.22656 0.19219
0 0.51719 0.24219 0.33125 0.33125
1 0.81172 0.53359 0.17031 0.17031
0 0.92500 0.79766 0.15000 0.16094
0 0.64375 0.17188 0.15313 0.15313
