1 0.64453 0.11797 0.26406 0.23594
2 0.11563 0.48828 0.23125 0.30469
3 0.87734 0.36172 0.22344 0.22344
1 0.18594 0.30625 0.31250 0.31250
2 0.57109 0.73203 0.30469 0.30469
0 0.77344 0.42656 0.35625 0.35625
0 0.67891 0.30547 0.23594 0.23594
2 0.79219 0.64375 0.16250 0.16250
3 0.39844 0.21094 0.15937 0.15937
3 0.29844 0.82422 0.35938 0.35156
1 0.43672 0.38203 0.22969 0.22969
3 0.57891 0.27109 0.32031 0.32031
0 0.89453 0.81094 0.21094 0.23438
1 0.39375 0.86328 0.27813 0.27344
3 0.20625 0.21719 0.34687 0.34687
1 0.77969 0.84219 0.18125 0.18125
0 0.09766 0.10000 0.19531 0.20000
3 0.65547 0.58516 0.18281 0.18281
3 0.74844 0.13437 0.35938 0.26875
1 0.53828 0.15391 0.16094 0.16094
