1 0.12734 0.16641 0.25469 0.31406
3 0.83047 0.79766 0.28281 0.28281
2 0.63047 0.10469 0.24844 0.20938
2 0.60938 0.10469 0.17813 0.17813
1 0.22422 0.57266 0.27031 0.27031
2 0.83594 0.57812 0.20000 0.20000
0 0.10547 0.49922 0.18906 0.18906
3 0.76562 0.67969 0.30625 0.30625
2 0.89531 0.35781 0.19687 0.19687
0 0.13203 0.19297 0.26406 0.27031
3 0.56016 0.41172 0.23594 0.23594
1 0.79297 0.38359 0.19531 0.19531
3 0.66563 0.74375 0.24063 0.24063
1 0.72500 0.09219 0.15625 0.15625
1 0.13047 0.71484 0.14844 0.14844
3 0.61484 0.19453 0.30781 0.30781
2 0.30391 0.27578 0.31094 0.31094
