0 0.89375 0.88672 0.21250 0.22656
0 0.55078 0.49297 0.11719 0.11719
0 0.66797 0.86875 0.27344 0.26250
0 0.18438 0.56875 0.20938 0.20938
0 0.07422 0.81953 0.14844 0.16406
0 0.58203 0.74766 0.27344 0.27344
0 0.26406 0.72031 0.14688 0.14688
0 0.35938 0.08281 0.20000 0.16562
0 0.59375 0.10312 0.23750 0.20625
0 0.09297 0.69141 0.18594 0.19531
1 0.18906 0.67969 0.15313 0.15313
0 0.48984 0.10547 0.16094 0.16094
0 0.63438 0.64219 0.16875 0.16875
1 0.37500 0.45312 0.15625 0.15625
0 0.87578 0.65391 0.18281 0.18281
0 0.51562 0.59531 0.27187 0.27187
1 0.08906 0.34063 0.17813 0.21250
