0 0.53906 0.29375 0.26875 0.26875
0 0.87344 0.49297 0.25312 0.33906
1 0.29297 0.53516 0.27656 0.27656
0 0.76406 0.20312 0.33750 0.33750
0 0.82188 0.64375 0.20000 0.20000
1 0.57891 0.42422 0.20156 0.20156
0 0.85234 0.72734 0.17656 0.17656
1 0.55547 0.79922 0.13594 0.13594
1 0.58750 0.62031 0.13750 0.13750
1 0.40937 0.65938 0.15937 0.15937
2 0.73047 0.79453 0.19531 0.19531
1 0.80937 0.26406 0.29688 0.29688
3 0.16484 0.41328 0.28594 0.28594
2 0.17109 0.53672 0.17344 0.17344
0 0.57812 0.46094 0.16250 0.16250
3 0.89297 0.55391 0.21406 0.22656
1 0.41172 0.31172 0.27656 0.27656
