0 0.36406 0.40469 0.27813 0.27813
1 0.24297 0.08984 0.17656 0.17656
1 0.58359 0.42266 0.24219 0.24219
0 0.16719 0.57188 0.33437 0.35313
0 0.66875 0.10703 0.23750 0.21406
2 0.54375 0.83594 0.20938 0.20938
0 0.34219 0.33281 0.28125 0.28125
1 0.78594 0.08359 0.20000 0.16719
0 0.30703 0.27109 0.22031 0.22031
3 0.77891 0.86719 0.30781 0.26562
2 0.14219 0.37812 0.20000 0.20000
1 0.84531 0.55469 0.25625 0.25625
0 0.72734 0.66172 0.21406 0.21406
1 0.64609 0.33828 0.32344 0.32344
1 0.19531 0.25156 0.23438 0.23438
1 0.87187 0.35469 0.24063 0.24063
1 0.47734 0.11172 0.26406 0.22344
0 0.55859 0.37422 0.25469 0.25469
3 0.72500 0.16406 0.32812 0.32812
