0 0.66875 0.56719 0.15313 0.15313
0 0.29766 0.56016 0.32031 0.32031
3 0.83984 0.44297 0.22656 0.22656
3 0.36328 0.12969 0.28281 0.25938
0 0.69375 0.83906 0.17188 0.17188
0 0.75859 0.80703 0.17031 0.17031
0 0.89453 0.19531 0.21094 0.25625
1 0.66484 0.69141 0.23906 0.23906
3 0.51484 0.70703 0.17656 0.17656
0 0.39531 0.89375 0.22187 0.21250
0 0.22266 0.07891 0.16406 0.15781
3 0.34844 0.32500 0.29063 0.29063
1 0.76953 0.71172 0.27656 0.27656
0 0.37891 0.49609 0.15469 0.15469
3 0.57969 0.37344 0.22500 0.22500
1 0.70312 0.25781 0.32500 0.32500
1 0.21094 0.29063 0.30312 0.30312
0 0.28516 0.67734 0.26094 0.26094
3 0.33984 0.85703 0.26719 0.26719
