0 0.41797 0.08516 0.17031 0.17031
1 0.80859 0.64766 0.20469 0.20469
0 0.76484 0.15547 0.32969 0.31094
1 0.59375 0.49062 0.31562 0.31562
0 0.52422 0.53047 0.29844 0.29844
1 0.70547 0.63984 0.35781 0.35781
0 0.71094 0.31250 0.26562 0.26562
1 0.91094 0.73359 0.17813 0.20156
2 0.24688 0.35156 0.15937 0.15937
0 0.12422 0.18984 0.24844 0.32031
1 0.73281 0.14219 0.24063 0.24063
0 0.44219 0.57188 0.19375 0.19375
0 0.40000 0.21406 0.24375 0.24375
1 0.82031 0.28125 0.34063 0.34063
1 0.54453 0.71172 0.26719 0.26719
0 0.84922 0.48047 0.24531 0.24531
0 0.08281 0.21172 0.16562 0.20781
0 0.81094 0.38438 0.16562 0.16562
0 0.92422 0.26172 0.15156 0.19531
3 0.35938 0.47344 0.25312 0.25312
