0 0.37109 0.64922 0.21719 0.21719
1 0.92344 0.88594 0.15313 0.15313
2 0.11172 0.17422 0.22344 0.28594
3 0.67266 0.42422 0.18906 0.18906
1 0.36641 0.84922 0.17344 0.17344
3 0.84062 0.68594 0.18125 0.18125
1 0.15391 0.46641 0.23281 0.23281
2 0.29219 0.59531 0.21563 0.21563
3 0.44922 0.30859 0.25781 0.25781
0 0.90781 0.36953 0.18438 0.19219
0 0.92812 0.29688 0.14375 0.18438
1 0.15625 0.59453 0.31250 0.36094
3 0.34609 0.21641 0.19844 0.19844
2 0.42266 0.42109 0.20469 0.20469
2 0.66406 0.36094 0.28437 0.28437
0 0.46797 0.69609 0.12969 0.12969
1 0.84766 0.59531 0.30469 0.32812
2 0.58437 0.71406 0.35938 0.35938
3 0.24375 0.79219 0.26250 0.26250
2 0.69297 0.88906 0.24219 0.22187
