3 0.61797 0.10000 0.21406 0.20000
1 0.41953 0.69453 0.32656 0.32656
2 0.32266 0.85234 0.17656 0.17656
0 0.65625 0.59062 0.35313 0.35313
1 0.77344 0.06875 0.13750 0.13750
1 0.73438 0.52031 0.13750 0.13750
3 0.57266 0.12734 0.23281 0.23281
1 0.87656 0.28906 0.15313 0.15313
0 0.83359 0.36328 0.14844 0.14844
1 0.10391 0.80937 0.20781 0.20938
1 0.20625 0.08438 0.19687 0.16875
3 0.89297 0.76797 0.21406 0.27344
1 0.55937 0.90547 0.19062 0.18906
2 0.24922 0.39922 0.16406 0.16406
2 0.22187 0.45312 0.19062 0.19062
3 0.56719 0.71875 0.19062 0.19062
2 0.15469 0.39375 0.26250 0.26250
1 0.08594 0.82734 0.17188 0.19219
