2 0.91641 0.11953 0.14219 0.14219
1 0.87891 0.83672 0.24219 0.32031
1 0.42969 0.61250 0.15625 0.15625
2 0.55859 0.51641 0.30469 0.30469
0 0.46797 0.13516 0.30781 0.27031
1 0.40313 0.86250 0.28437 0.27500
1 0.29453 0.29766 0.17031 0.17031
2 0.05469 0.28203 0.10938 0.12344
0 0.40937 0.16875 0.23125 0.23125
1 0.24766 0.91016 0.22031 0.17969
0 0.13281 0.46797 0.26562 0.32031
3 0.06016 0.20312 0.12031 0.15313
1 0.32891 0.52109 0.21406 0.21406
3 0.63906 0.15937 0.17188 0.17188
0 0.11250 0.41875 0.16562 0.16562
1 0.23594 0.34063 0.22812 0.22812
0 0.41719 0.35938 0.25000 0.25000
2 0.80391 0.69766 0.34844 0.34844
0 0.74062 0.78906 0.16875 0.16875
2 0.85078 0.11719 0.26094 0.23438
0 0.90781 0.72578 0.18438 0.22031
