3 0.39844 0.07578 0.19687 0.15156
0 0.78828 0.44609 0.26406 0.26406
1 0.15469 0.70469 0.27187 0.27187
2 0.75156 0.83906 0.22187 0.22187
1 0.40547 0.45391 0.21719 0.21719
1 0.20625 0.57812 0.29688 0.29688
0 0.56719 0.43125 0.17500 0.17500
1 0.49062 0.70156 0.22187 0.22187
0 0.12500 0.30000 0.25000 0.29375
3 0.78516 0.53203 0.25156 0.25156
1 0.83437 0.45937 0.15937 0.15937
0 0.56094 0.31719 0.24063 0.24063
0 0.22734 0.29922 0.29531 0.29531
3 0.60156 0.63125 0.30938 0.30938
3 0.34453 0.41797 0.26094 0.26094
