1 0.12500 0.77109 0.25000 0.26719
3 0.84375 0.55625 0.31250 0.31562
1 0.56172 0.48047 0.34844 0.34844
1 0.63750 0.31406 0.26562 0.26562
2 0.73594 0.49219 0.30625 0.30625
1 0.87031 0.25000 0.25938 0.27187
3 0.23594 0.90000 0.22187 0.20000
0 0.40781 0.70469 0.32188 0.32188
1 0.13672 0.52500 0.27344 0.28437
0 0.29219 0.34063 0.30312 0.30312
2 0.28672 0.77734 0.25156 0.25156
1 0.47969 0.40313 0.23750 0.23750
1 0.78828 0.88125 0.30469 0.23750
0 0.11016 0.07891 0.18906 0.15781
1 0.88203 0.69922 0.23594 0.30781
3 0.84453 0.15859 0.21406 0.21406
