1 0.85547 0.84375 0.28906 0.31250
1 0.47031 0.17656 0.20938 0.20938
2 0.89531 0.48438 0.20938 0.22812
3 0.25312 0.75313 0.18438 0.18438
0 0.66328 0.81016 0.26719 0.26719
0 0.17656 0.91016 0.22187 0.17969
2 0.48047 0.69922 0.28281 0.28281
1 0.40313 0.82656 0.30000 0.30000
2 0.26562 0.47500 0.23750 0.23750
1 0.74531 0.57031 0.17188 0.17188
0 0.83437 0.32188 0.31875 0.31875
1 0.60859 0.28516 0.15156 0.15156
3 0.37344 0.11328 0.25625 0.22656
1 0.54453 0.85625 0.28906 0.28750
0 0.33125 0.18438 0.26875 0.26875
