2 0.31797 0.35391 0.21719 0.21719
3 0.85000 0.81094 0.30000 0.34063
1 0.64141 0.11094 0.24219 0.22187
3 0.20391 0.28203 0.27969 0.27969
0 0.61562 0.26250 0.30938 0.30938
1 0.49453 0.58984 0.19531 0.19531
1 0.10234 0.10469 0.20469 0.20938
3 0.24063 0.21094 0.20938 0.20938
3 0.54688 0.23125 0.30938 0.30938
1 0.13594 0.27187 0.21563 0.21563
1 0.70781 0.89844 0.25625 0.20312
1 0.34297 0.21328 0.20156 0.20156
1 0.70312 0.08203 0.20938 0.16406
3 0.45156 0.16562 0.29375 0.29375
1 0.72109 0.52266 0.21094 0.21094
