3 0.62656 0.42188 0.18125 0.18125
1 0.37578 0.74453 0.19531 0.19531
2 0.13437 0.84375 0.24688 0.24688
2 0.83516 0.54297 0.16406 0.16406
1 0.74453 0.78984 0.27969 0.27969
3 0.13594 0.16797 0.27187 0.33594
2 0.31953 0.69766 0.29844 0.29844
3 0.80469 0.47344 0.19375 0.19375
3 0.22969 0.20469 0.25312 0.25312
1 0.34375 0.59375 0.33125 0.33125
1 0.54688 0.68750 0.20000 0.20000
2 0.40391 0.35078 0.26094 0.26094
0 0.62813 0.21719 0.29688 0.29688
2 0.36953 0.92031 0.16406 0.15937
1 0.55234 0.23047 0.25469 0.25469
1 0.09141 0.16641 0.15469 0.15469
3 0.33906 0.75156 0.18125 0.18125
2 0.80391 0.82734 0.21094 0.21094
