0 0.38281 0.19531 0.15937 0.15937
2 0.39062 0.12031 0.31250 0.24063
3 0.80781 0.28437 0.24375 0.24375
0 0.24922 0.33203 0.16094 0.16094
1 0.36797 0.39453 0.19219 0.19219
2 0.77500 0.52812 0.16875 0.16875
0 0.92500 0.66875 0.15000 0.15937
2 0.50391 0.64609 0.19844 0.19844
1 0.69219 0.18906 0.33125 0.33125
2 0.62656 0.27969 0.26875 0.26875
1 0.27109 0.48516 0.17344 0.17344
1 0.09609 0.46484 0.19219 0.19844
3 0.26094 0.64219 0.27500 0.27500
1 0.20156 0.75469 0.26562 0.26562
3 0.56953 0.47578 0.22344 0.22344
0 0.53906 0.13437 0.25312 0.25312
1 0.79531 0.66250 0.30000 0.30000
2 0.51641 0.74141 0.25469 0.25469
