2 0.70156 0.77969 0.27500 0.27500
1 0.20938 0.35781 0.26250 0.26250
3 0.91797 0.34766 0.16406 0.19531
1 0.25078 0.42266 0.27969 0.27969
0 0.14844 0.44531 0.18750 0.18750
1 0.29688 0.18906 0.28437 0.28437
2 0.19844 0.81875 0.25312 0.25312
0 0.67031 0.65938 0.35000 0.35000
0 0.37578 0.09453 0.23281 0.18906
2 0.42656 0.62031 0.19375 0.19375
0 0.60938 0.70312 0.18750 0.18750
1 0.23203 0.91641 0.14219 0.14219
3 0.70000 0.55156 0.22812 0.22812
0 0.11953 0.59141 0.23906 0.27969
3 0.85469 0.48438 0.21250 0.21250
2 0.66563 0.37344 0.26562 0.26562
0 0.53203 0.76172 0.20156 0.20156
3 0.73359 0.31797 0.14219 0.14219
0 0.92500 0.84688 0.15000 0.15625
0 0.54766 0.04922 0.11406 0.09844
3 0.16719 0.47813 0.20000 0.20000
1 0.88672 0.58047 0.22656 0.30469
