1 0.91953 0.67656 0.16094 0.20312
2 0.70234 0.35547 0.32969 0.32969
2 0.25781 0.69531 0.29063 0.29063
3 0.19141 0.08359 0.16719 0.16719
2 0.68516 0.11563 0.23594 0.23125
1 0.43516 0.55547 0.30781 0.30781
1 0.16328 0.51875 0.32656 0.33125
3 0.26094 0.23594 0.28437 0.28437
3 0.22344 0.84688 0.23438 0.23438
1 0.56250 0.78125 0.24063 0.24063
2 0.22500 0.58594 0.12187 0.12187
1 0.35234 0.09141 0.16094 0.16094
1 0.56172 0.25859 0.13594 0.13594
1 0.91719 0.52969 0.16562 0.21250
3 0.36250 0.49531 0.17500 0.17500
1 0.84219 0.77656 0.31562 0.35938
2 0.74766 0.38047 0.24844 0.24844
1 0.47578 0.72578 0.26094 0.26094
