1 0.40859 0.46641 0.22031 0.22031
0 0.43047 0.24609 0.32031 0.32031
1 0.86016 0.25391 0.19531 0.19531
0 0.68437 0.17656 0.27813 0.27813
1 0.17109 0.36953 0.34219 0.35156
3 0.91406 0.66406 0.15625 0.15625
0 0.53672 0.53672 0.32656 0.32656
0 0.16094 0.56094 0.27813 0.27813
0 0.39844 0.36250 0.16562 0.16562
1 0.74375 0.32969 0.25000 0.25000
0 0.62109 0.77422 0.28281 0.28281
0 0.33125 0.65625 0.19687 0.19687
0 0.69141 0.51953 0.33906 0.33906
0 0.87813 0.43984 0.24375 0.27656
1 0.83516 0.75547 0.23594 0.23594
3 0.10859 0.69297 0.21719 0.24531
0 0.27031 0.40313 0.25938 0.25938
0 0.56797 0.26172 0.24219 0.24219
0 0.17188 0.23594 0.12187 0.12187
3 0.53203 0.12578 0.20156 0.20156
