1 0.63828 0.83359 0.28281 0.28281
2 0.34766 0.14531 0.29531 0.29063
3 0.81016 0.79141 0.28281 0.28281
3 0.29844 0.70000 0.26250 0.26250
1 0.51562 0.43594 0.28437 0.28437
3 0.17578 0.64453 0.29531 0.29531
1 0.85781 0.41563 0.28437 0.29063
2 0.25781 0.27031 0.22812 0.22812
0 0.16719 0.11250 0.25938 0.22500
1 0.83984 0.52734 0.30469 0.30469
0 0.44375 0.45625 0.30938 0.30938
3 0.46094 0.42344 0.28750 0.28750
0 0.83125 0.55781 0.24375 0.24375
3 0.15234 0.36641 0.19219 0.19219
2 0.47344 0.38281 0.23750 0.23750
0 0.75938 0.65625 0.17813 0.17813
1 0.77422 0.50391 0.20469 0.20469
3 0.28828 0.56484 0.25156 0.25156
1 0.11484 0.51016 0.22969 0.23281
