3 0.78203 0.58359 0.25156 0.25156
0 0.89687 0.19922 0.20625 0.24219
0 0.42266 0.82578 0.28281 0.28281
0 0.64687 0.87187 0.18438 0.18438
2 0.48906 0.87578 0.27187 0.24844
0 0.18984 0.30391 0.20469 0.20469
1 0.61094 0.21875 0.29375 0.29375
1 0.23672 0.88281 0.26406 0.23438
0 0.11953 0.25078 0.23281 0.23281
1 0.43047 0.41953 0.21406 0.21406
3 0.58906 0.61406 0.19062 0.19062
0 0.42812 0.23906 0.32500 0.32500
0 0.60938 0.24063 0.16250 0.16250
1 0.50234 0.47578 0.20469 0.20469
3 0.53281 0.81250 0.15313 0.15313
3 0.35625 0.67969 0.14375 0.14375
2 0.19609 0.14688 0.31406 0.29375
0 0.41563 0.52812 0.17813 0.17813
0 0.54297 0.13359 0.30781 0.26719
3 0.14219 0.72813 0.13437 0.13437
0 0.23906 0.61719 0.20625 0.20625
1 0.78125 0.45312 0.33750 0.33750
