2 0.71719 0.17969 0.27187 0.27187
2 0.36250 0.27813 0.29063 0.29063
1 0.56250 0.40625 0.19687 0.19687
1 0.52812 0.89687 0.18750 0.18750
1 0.14531 0.13516 0.29063 0.27031
1 0.14531 0.85391 0.29063 0.29219
1 0.78125 0.17188 0.22187 0.22187
1 0.56563 0.60781 0.19687 0.19687
2 0.57031 0.54688 0.18438 0.18438
0 0.82656 0.53125 0.27500 0.27500
2 0.13125 0.70000 0.23125 0.23125
1 0.51875 0.26094 0.30938 0.30938
3 0.86953 0.26953 0.18906 0.18906
2 0.61328 0.86641 0.30781 0.26719
3 0.23281 0.72344 0.24063 0.24063
3 0.46953 0.14844 0.32969 0.29688
1 0.40625 0.73750 0.25000 0.25000
2 0.40156 0.58906 0.21563 0.21563
1 0.63828 0.49453 0.30781 0.30781
1 0.38594 0.83594 0.22187 0.22187
