0 0.53984 0.28984 0.27344 0.27344
1 0.29453 0.78359 0.29219 0.29219
0 0.64141 0.13203 0.24219 0.24219
0 0.64687 0.69063 0.25000 0.25000
0 0.50781 0.49062 0.29063 0.29063
1 0.47187 0.67188 0.24688 0.24688
0 0.11172 0.86172 0.22344 0.27656
0 0.30078 0.62734 0.20469 0.20469
0 0.83359 0.83359 0.25156 0.25156
0 0.33203 0.28984 0.32031 0.32031
0 0.71875 0.12578 0.30312 0.25156
0 0.83750 0.33906 0.24063 0.24063
2 0.86641 0.50156 0.26719 0.32812
0 0.27266 0.23516 0.20469 0.20469
2 0.32500 0.80312 0.18125 0.18125
2 0.27578 0.89531 0.27969 0.20938
1 0.88672 0.72578 0.13281 0.13281
1 0.27813 0.47031 0.22187 0.22187
3 0.35469 0.07969 0.19687 0.15937
