0 0.08125 0.78516 0.16250 0.17969
0 0.32500 0.75313 0.26562 0.26562
1 0.49766 0.82891 0.33594 0.33594
0 0.86562 0.85469 0.20000 0.20000
0 0.81797 0.20859 0.25156 0.25156
3 0.43750 0.30312 0.19062 0.19062
1 0.64687 0.29688 0.22812 0.22812
3 0.86328 0.28906 0.27344 0.30938
1 0.91094 0.66250 0.15625 0.15625
0 0.12344 0.61641 0.24688 0.26719
3 0.17578 0.40078 0.27344 0.27344
0 0.40391 0.13906 0.34844 0.27813
1 0.92500 0.75000 0.13750 0.13750
2 0.88906 0.41563 0.20000 0.20000
3 0.15703 0.44453 0.29531 0.29531
1 0.69453 0.33672 0.22969 0.22969
0 0.76719 0.87500 0.32500 0.25000
2 0.10469 0.62031 0.20938 0.27813
0 0.42109 0.47266 0.26094 0.26094
1 0.27734 0.20547 0.21719 0.21719
1 0.71875 0.63594 0.28437 0.28437
