2 0.15781 0.68750 0.18438 0.18438
1 0.30391 0.87422 0.32656 0.25156
3 0.11641 0.86641 0.14219 0.14219
3 0.38906 0.72656 0.20938 0.20938
2 0.72578 0.87031 0.26719 0.25938
3 0.53359 0.77266 0.32656 0.32656
3 0.15703 0.25469 0.31406 0.31562
0 0.64922 0.13047 0.20469 0.20469
3 0.23750 0.82188 0.26250 0.26250
1 0.48984 0.13672 0.13594 0.13594
1 0.86797 0.13984 0.22969 0.22969
2 0.51094 0.77656 0.26250 0.26250
0 0.28437 0.77656 0.14375 0.14375
2 0.40937 0.84922 0.31562 0.30156
1 0.24375 0.20000 0.25938 0.25938
2 0.36641 0.30391 0.20469 0.20469
0 0.64844 0.35313 0.15625 0.15625
1 0.66328 0.46641 0.30781 0.30781
