1 0.34453 0.34766 0.14844 0.14844
0 0.38906 0.90078 0.23750 0.19844
0 0.62891 0.65859 0.27969 0.27969
0 0.30312 0.47500 0.14375 0.14375
1 0.72031 0.85313 0.33750 0.29375
1 0.69766 0.71484 0.31094 0.31094
0 0.79922 0.87266 0.26094 0.25469
1 0.40547 0.11953 0.17031 0.17031
0 0.13437 0.45000 0.17500 0.17500
0 0.19141 0.92109 0.18906 0.15781
3 0.41016 0.50703 0.24219 0.24219
1 0.69531 0.49531 0.35938 0.35938
0 0.78359 0.34453 0.19219 0.19219
0 0.77891 0.69609 0.22344 0.22344
0 0.11016 0.23672 0.22031 0.25156
1 0.27109 0.81641 0.15781 0.15781
0 0.90859 0.46641 0.17031 0.17031
0 0.29141 0.10000 0.26719 0.20000
0 0.69609 0.26172 0.25781 0.25781
0 0.60938 0.26562 0.32812 0.32812
