0 0.63672 0.26016 0.15469 0.15469
0 0.93437 0.08750 0.13125 0.15313
1 0.38750 0.68594 0.24375 0.24375
3 0.31641 0.20859 0.17031 0.17031
0 0.65781 0.49375 0.15313 0.15313
1 0.25781 0.37812 0.19687 0.19687
0 0.78438 0.60938 0.20938 0.20938
2 0.46328 0.35078 0.27031 0.27031
0 0.67031 0.11094 0.13750 0.13750
0 0.43047 0.85000 0.34531 0.30000
2 0.71328 0.77891 0.23906 0.23906
1 0.60938 0.69844 0.25938 0.25938
3 0.82266 0.85391 0.29531 0.29219
0 0.31328 0.32734 0.22656 0.22656
1 0.07266 0.47734 0.14531 0.17344
1 0.14062 0.88125 0.27813 0.23750
