0 0.50234 0.48359 0.19219 0.19219
0 0.84531 0.11250 0.29063 0.22500
3 0.31562 0.65312 0.20312 0.20312
0 0.64687 0.46250 0.21250 0.21250
0 0.57344 0.16094 0.34687 0.32188
1 0.50703 0.09688 0.21406 0.19375
2 0.30703 0.26172 0.30469 0.30469
0 0.72266 0.73984 0.35156 0.35156
0 0.89609 0.71953 0.20781 0.24219
0 0.65078 0.70234 0.15781 0.15781
0 0.66250 0.30625 0.24688 0.24688
0 0.83437 0.71094 0.28125 0.28125
0 0.11094 0.54609 0.22187 0.27656
2 0.47109 0.22891 0.31094 0.31094
0 0.68750 0.06953 0.15937 0.13906
3 0.29766 0.16953 0.23594 0.23594
0 0.19766 0.43203 0.32344 0.32344
0 0.83047 0.28984 0.27969 0.27969
