1 0.25156 0.17188 0.30312 0.30312
0 0.77656 0.25625 0.28437 0.28437
0 0.27656 0.87422 0.27500 0.25156
0 0.46875 0.08203 0.19375 0.16406
0 0.79531 0.09062 0.14688 0.14688
1 0.67266 0.77891 0.26094 0.26094
0 0.60234 0.23516 0.18281 0.18281
0 0.51406 0.77812 0.15313 0.15313
0 0.48672 0.34766 0.18281 0.18281
0 0.42188 0.36719 0.15000 0.15000
2 0.16094 0.72656 0.32188 0.33437
0 0.56172 0.56484 0.16719 0.16719
0 0.92266 0.31953 0.15469 0.17031
3 0.58047 0.73672 0.29844 0.29844
0 0.28594 0.79688 0.23125 0.23125
1 0.40078 0.59922 0.26094 0.26094
1 0.37891 0.68672 0.21719 0.21719
0 0.47422 0.63203 0.18594 0.18594
0 0.38125 0.64844 0.22500 0.22500
