2 0.43906 0.90781 0.15625 0.15625
1 0.09922 0.81094 0.19844 0.23750
1 0.91719 0.55703 0.16562 0.20469
0 0.40625 0.32188 0.19062 0.19062
0 0.77187 0.57500 0.25938 0.25938
0 0.60156 0.90156 0.13437 0.13437
1 0.41953 0.36641 0.16719 0.16719
1 0.09062 0.56719 0.18125 0.19375
0 0.14531 0.33359 0.29063 0.32969
0 0.87344 0.86875 0.20625 0.20625
1 0.18594 0.18438 0.22812 0.22812
1 0.26562 0.88984 0.27187 0.22031
0 0.54297 0.46328 0.30469 0.30469
0 0.46563 0.79219 0.27500 0.27500
1 0.85078 0.44766 0.29844 0.30469
0 0.70391 0.27266 0.22344 0.22344
