3 0.61953 0.78359 0.34219 0.34219
0 0.40625 0.85625 0.21563 0.21563
3 0.52734 0.84922 0.24219 0.24219
2 0.10781 0.91719 0.13437 0.13437
1 0.72813 0.15469 0.26875 0.26875
1 0.14375 0.71094 0.28750 0.29063
0 0.05859 0.46016 0.11719 0.15781
2 0.24219 0.78906 0.25312 0.25312
2 0.42500 0.57344 0.16875 0.16875
1 0.45078 0.25859 0.21406 0.21406
1 0.19141 0.12422 0.30781 0.24844
0 0.33203 0.85703 0.14531 0.14531
3 0.30938 0.21094 0.25000 0.25000
1 0.45937 0.14844 0.25000 0.25000
3 0.31328 0.66328 0.33906 0.33906
1 0.21563 0.15469 0.28125 0.28125
1 0.48984 0.72578 0.18906 0.18906
0 0.41016 0.73047 0.33906 0.33906
3 0.68750 0.53438 0.18125 0.18125
0 0.68672 0.69922 0.21094 0.21094
0 0.61250 0.16250 0.16875 0.16875
3 0.85781 0.22812 0.23438 0.23438
