1 0.78438 0.37812 0.28750 0.28750
3 0.25469 0.08594 0.17813 0.17188
1 0.26328 0.22266 0.21094 0.21094
0 0.14062 0.06641 0.15625 0.13281
0 0.55000 0.27813 0.25000 0.25000
1 0.64531 0.75156 0.23750 0.23750
0 0.87734 0.92734 0.16094 0.14531
2 0.86484 0.81641 0.18906 0.18906
0 0.87187 0.19687 0.25625 0.26875
0 0.13984 0.86484 0.27969 0.27031
1 0.24844 0.63438 0.33437 0.33437
2 0.42500 0.34063 0.18750 0.18750
0 0.78203 0.91953 0.20781 0.16094
1 0.62187 0.43438 0.34375 0.34375
0 0.74375 0.81094 0.29688 0.29688
