0 0.18359 0.62422 0.14531 0.14531
1 0.92344 0.10938 0.15313 0.17188
0 0.83281 0.67344 0.20625 0.20625
1 0.09531 0.57969 0.14688 0.14688
1 0.31875 0.45312 0.32812 0.32812
0 0.42734 0.24766 0.12969 0.12969
0 0.14922 0.21641 0.20156 0.20156
0 0.72656 0.60313 0.36250 0.36250
3 0.31641 0.57578 0.15469 0.15469
0 0.45469 0.13437 0.27813 0.26875
0 0.19687 0.09297 0.21563 0.18594
0 0.26875 0.39687 0.28750 0.28750
0 0.32500 0.83594 0.16562 0.16562
0 0.35781 0.23906 0.17188 0.17188
3 0.79219 0.38281 0.17813 0.17813
3 0.35078 0.32422 0.28281 0.28281
0 0.80156 0.15391 0.32500 0.30781
