3 0.44062 0.84219 0.15625 0.15625
3 0.36094 0.49062 0.30625 0.30625
0 0.76328 0.29766 0.22969 0.22969
3 0.66328 0.77422 0.30781 0.30781
1 0.32734 0.56953 0.21094 0.21094
3 0.34063 0.27656 0.15313 0.15313
3 0.60234 0.19297 0.16719 0.16719
3 0.10312 0.89531 0.20625 0.20938
1 0.10781 0.51250 0.21563 0.23438
3 0.09141 0.17578 0.17031 0.17031
1 0.12656 0.78125 0.23750 0.23750
2 0.49062 0.55469 0.15000 0.15000
0 0.42969 0.68437 0.20000 0.20000
1 0.52109 0.82891 0.17031 0.17031
2 0.23359 0.66797 0.26094 0.26094
2 0.71797 0.63203 0.17969 0.17969
1 0.43906 0.32812 0.32500 0.32500
1 0.54766 0.30547 0.22656 0.22656
1 0.19375 0.14375 0.23750 0.23750
