0 0.88047 0.83203 0.23906 0.24219
3 0.82969 0.82969 0.17500 0.17500
1 0.93672 0.52422 0.12656 0.16406
0 0.91563 0.42344 0.16875 0.17188
1 0.93125 0.76875 0.13750 0.14375
3 0.50859 0.41953 0.24219 0.24219
1 0.45312 0.20781 0.34375 0.34375
0 0.78672 0.59766 0.26719 0.26719
3 0.51875 0.90312 0.13125 0.13125
3 0.43125 0.27031 0.31250 0.31250
2 0.14922 0.79453 0.28594 0.28594
1 0.72891 0.25547 0.28906 0.28906
0 0.64453 0.52891 0.27031 0.27031
1 0.31172 0.66484 0.18594 0.18594
3 0.07266 0.86094 0.14531 0.15937
1 0.35156 0.71250 0.24688 0.24688
