3 0.12891 0.45625 0.25781 0.32188
2 0.82422 0.49922 0.23594 0.23594
0 0.38359 0.33984 0.23594 0.23594
2 0.61719 0.48125 0.34687 0.34687
1 0.52187 0.12109 0.30000 0.24219
0 0.67344 0.50156 0.24375 0.24375
2 0.90391 0.33516 0.18594 0.18594
2 0.29531 0.50313 0.33750 0.33750
0 0.50000 0.15313 0.23125 0.23125
0 0.89297 0.60469 0.21406 0.25938
0 0.60234 0.80078 0.33906 0.33906
0 0.86875 0.68125 0.26250 0.26250
2 0.82812 0.74062 0.20312 0.20312
0 0.79453 0.10547 0.20156 0.20156
3 0.11406 0.14375 0.17813 0.17813
0 0.63125 0.26094 0.16250 0.16250
3 0.14141 0.62422 0.28281 0.33594
3 0.90781 0.17813 0.16875 0.16875
1 0.74375 0.72344 0.25000 0.25000
1 0.26016 0.38672 0.20469 0.20469
1 0.20000 0.85859 0.28750 0.28281
0 0.55234 0.73047 0.33906 0.33906
