0 0.22187 0.50469 0.15313 0.15313
0 0.31875 0.29844 0.32188 0.32188
3 0.49531 0.75781 0.14062 0.14062
0 0.45156 0.19375 0.22187 0.22187
0 0.20078 0.72422 0.22344 0.22344
0 0.59844 0.29688 0.23750 0.23750
0 0.15781 0.29688 0.25312 0.25312
0 0.78047 0.85547 0.30156 0.28906
1 0.87656 0.18594 0.17500 0.17500
0 0.35938 0.42656 0.19375 0.19375
0 0.59609 0.21484 0.36094 0.36094
0 0.27969 0.22031 0.18125 0.18125
0 0.62109 0.61484 0.27656 0.27656
0 0.18359 0.59609 0.29219 0.29219
0 0.50313 0.67344 0.16875 0.16875
1 0.82656 0.64531 0.21875 0.21875
0 0.24531 0.70312 0.18750 0.18750
