0 0.88906 0.90156 0.20938 0.19687
1 0.26250 0.69688 0.31562 0.31562
0 0.14766 0.68750 0.29531 0.32188
0 0.12578 0.10547 0.24219 0.21094
1 0.54531 0.79688 0.34063 0.34063
0 0.66875 0.23906 0.31875 0.31875
0 0.45625 0.65938 0.14062 0.14062
0 0.66172 0.17578 0.28281 0.28281
0 0.13672 0.62578 0.26719 0.26719
0 0.84766 0.11953 0.17344 0.17344
0 0.60391 0.89141 0.18906 0.18906
0 0.84453 0.84844 0.31094 0.30312
0 0.29922 0.70703 0.18281 0.18281
2 0.14453 0.27422 0.20156 0.20156
0 0.10547 0.86641 0.17656 0.17656
0 0.85391 0.71562 0.29219 0.31562
0 0.08359 0.37422 0.16719 0.19219
0 0.16484 0.50391 0.13281 0.13281
3 0.52500 0.25000 0.32500 0.32500
3 0.30547 0.87422 0.26406 0.25156
1 0.58281 0.29219 0.17500 0.17500
0 0.40156 0.50156 0.16562 0.16562
