0 0.91484 0.73281 0.17031 0.19687
1 0.46406 0.48594 0.31562 0.31562
2 0.45000 0.77969 0.30625 0.30625
0 0.52656 0.38750 0.22187 0.22187
2 0.12578 0.50000 0.25156 0.27187
0 0.73281 0.21719 0.23750 0.23750
1 0.12578 0.14844 0.25156 0.28437
0 0.56563 0.57969 0.31875 0.31875
2 0.70000 0.55469 0.16875 0.16875
1 0.37188 0.18906 0.22812 0.22812
3 0.07656 0.92500 0.15313 0.15000
0 0.12578 0.68828 0.20156 0.20156
0 0.07734 0.88516 0.15469 0.17656
0 0.35469 0.47500 0.18125 0.18125
1 0.38672 0.75391 0.33906 0.33906
0 0.69609 0.76016 0.27344 0.27344
