3 0.29922 0.36797 0.22969 0.22969
0 0.46953 0.83984 0.21094 0.21094
1 0.91484 0.82734 0.17031 0.17969
0 0.11797 0.06797 0.17031 0.13594
0 0.66250 0.16094 0.28437 0.28437
0 0.72969 0.10469 0.23750 0.20938
0 0.76875 0.36719 0.34375 0.34375
0 0.21016 0.15156 0.34219 0.30312
0 0.83906 0.73438 0.17813 0.17813
2 0.38984 0.81172 0.17656 0.17656
0 0.32344 0.54063 0.12812 0.12812
1 0.31562 0.44062 0.22500 0.22500
0 0.17109 0.84609 0.14219 0.14219
0 0.71094 0.59844 0.27187 0.27187
0 0.36172 0.67266 0.27031 0.27031
0 0.30625 0.68281 0.24375 0.24375
0 0.25391 0.18203 0.17031 0.17031
0 0.22031 0.59062 0.30938 0.30938
1 0.87969 0.34453 0.24063 0.29531
0 0.50547 0.73828 0.24844 0.24844
