0 0.54766 0.14922 0.27344 0.27344
0 0.62187 0.39531 0.25312 0.25312
0 0.28984 0.76016 0.17969 0.17969
0 0.64844 0.34063 0.23125 0.23125
0 0.45156 0.82656 0.23125 0.23125
0 0.51406 0.90469 0.25000 0.19062
1 0.57266 0.62734 0.19219 0.19219
0 0.09453 0.65391 0.18906 0.20469
0 0.70234 0.64453 0.26094 0.26094
0 0.48984 0.21328 0.15469 0.15469
0 0.44297 0.52109 0.24844 0.24844
2 0.72266 0.92734 0.16406 0.14531
2 0.74609 0.74609 0.26406 0.26406
0 0.23203 0.13359 0.26406 0.26406
0 0.81094 0.57031 0.19375 0.19375
0 0.68672 0.14766 0.25781 0.25781
0 0.87500 0.94297 0.14375 0.11406
0 0.09609 0.63203 0.17969 0.17969
0 0.32656 0.11875 0.20938 0.20938
0 0.39844 0.74375 0.16562 0.16562
0 0.78828 0.87734 0.29531 0.24531
0 0.50938 0.77500 0.19062 0.19062
