2 0.42188 0.72344 0.16562 0.16562
1 0.83203 0.17891 0.33594 0.35156
0 0.88281 0.62734 0.23438 0.29531
3 0.15703 0.58359 0.27344 0.27344
1 0.76016 0.66641 0.32031 0.32031
3 0.26250 0.59844 0.33750 0.33750
0 0.75859 0.36953 0.31406 0.31406
1 0.86016 0.30547 0.22969 0.22969
1 0.55156 0.74531 0.35625 0.35625
2 0.52109 0.39609 0.23281 0.23281
2 0.29688 0.38750 0.35313 0.35313
1 0.22422 0.17109 0.32969 0.32969
0 0.91484 0.79063 0.17031 0.20938
2 0.34844 0.35469 0.28125 0.28125
0 0.82656 0.26875 0.23125 0.23125
1 0.80547 0.69141 0.33906 0.33906
