3 0.65859 0.49297 0.27031 0.27031
3 0.31484 0.59141 0.33594 0.33594
0 0.83281 0.72500 0.27187 0.27187
3 0.86016 0.90547 0.22969 0.18906
1 0.42109 0.21016 0.23594 0.23594
1 0.13906 0.60156 0.18750 0.18750
1 0.38828 0.41016 0.20469 0.20469
0 0.76172 0.67734 0.31719 0.31719
1 0.27266 0.62266 0.16094 0.16094
2 0.23125 0.30312 0.21563 0.21563
0 0.79063 0.47656 0.26562 0.26562
0 0.67344 0.27031 0.22187 0.22187
2 0.20078 0.82578 0.26094 0.26094
0 0.75625 0.38906 0.26562 0.26562
0 0.31406 0.90156 0.23438 0.19687
0 0.13125 0.46328 0.26250 0.26406
