3 0.86953 0.21172 0.17344 0.17344
3 0.20547 0.93047 0.16094 0.13906
1 0.36641 0.74609 0.15781 0.15781
1 0.34219 0.20469 0.23125 0.23125
1 0.27266 0.73828 0.21406 0.21406
3 0.74609 0.27109 0.12969 0.12969
1 0.74141 0.14453 0.20156 0.20156
2 0.87187 0.55547 0.25625 0.34219
2 0.09844 0.50625 0.19687 0.25000
2 0.78359 0.62891 0.32969 0.32969
1 0.60625 0.69531 0.24688 0.24688
1 0.56953 0.87891 0.29219 0.24219
2 0.53750 0.72656 0.16875 0.16875
2 0.11953 0.24297 0.17031 0.17031
1 0.53750 0.51406 0.24375 0.24375
1 0.56641 0.86797 0.17969 0.17969
2 0.18750 0.13906 0.16875 0.16875
