0 0.78125 0.89375 0.26875 0.21250
3 0.70781 0.18750 0.34687 0.34687
0 0.83984 0.51172 0.22344 0.22344
1 0.14141 0.17422 0.28281 0.31719
0 0.91719 0.64141 0.16562 0.20781
0 0.70859 0.25547 0.23594 0.23594
0 0.13984 0.70234 0.21719 0.21719
1 0.90312 0.10156 0.19375 0.20312
1 0.87500 0.81875 0.14375 0.14375
1 0.84453 0.38672 0.29844 0.29844
0 0.86953 0.47031 0.26094 0.31875
1 0.58906 0.60469 0.24063 0.24063
0 0.15313 0.78906 0.30000 0.30000
3 0.21172 0.13672 0.32969 0.27344
0 0.76250 0.87187 0.19062 0.19062
0 0.64531 0.76406 0.25938 0.25938
