2 0.45937 0.72813 0.17188 0.17188
0 0.33437 0.72188 0.17813 0.17813
0 0.90469 0.89141 0.19062 0.21719
0 0.16484 0.43203 0.19531 0.19531
1 0.09297 0.58984 0.18594 0.23281
3 0.65469 0.45156 0.17500 0.17500
3 0.82109 0.44297 0.22656 0.22656
3 0.70469 0.27969 0.23750 0.23750
3 0.70703 0.57422 0.16094 0.16094
0 0.25156 0.76250 0.19062 0.19062
3 0.36484 0.16484 0.24219 0.24219
1 0.36953 0.85234 0.26406 0.26406
0 0.61094 0.87187 0.23125 0.23125
1 0.87656 0.08594 0.17188 0.17188
0 0.87813 0.68906 0.24375 0.31875
1 0.88203 0.57109 0.23594 0.30469
0 0.13047 0.59141 0.26094 0.27656
0 0.80859 0.21797 0.26719 0.26719
3 0.67422 0.88594 0.25781 0.22812
1 0.72891 0.91172 0.17031 0.17031
0 0.42734 0.27734 0.12031 0.12031
