1 0.09219 0.36719 0.18438 0.20625
0 0.46953 0.89766 0.26719 0.20469
0 0.21641 0.25547 0.20156 0.20156
1 0.81875 0.58594 0.24688 0.24688
0 0.28359 0.75391 0.21406 0.21406
1 0.63672 0.36484 0.27656 0.27656
2 0.38125 0.68750 0.32812 0.32812
0 0.53125 0.56094 0.15313 0.15313
1 0.51719 0.83828 0.33437 0.32344
0 0.79141 0.76484 0.12344 0.12344
2 0.11016 0.30547 0.22031 0.22656
2 0.74922 0.13828 0.16094 0.16094
1 0.56406 0.32812 0.24375 0.24375
3 0.16172 0.16797 0.24844 0.24844
0 0.37266 0.86328 0.22969 0.22969
