0 0.60313 0.59219 0.21875 0.21875
1 0.88359 0.64375 0.23281 0.28750
1 0.62891 0.20703 0.15781 0.15781
0 0.39609 0.64766 0.26719 0.26719
0 0.22187 0.81250 0.35313 0.35313
0 0.08906 0.82188 0.17813 0.20938
3 0.06953 0.65469 0.13906 0.16250
0 0.78203 0.23516 0.29844 0.29844
0 0.23750 0.60469 0.18750 0.18750
0 0.32109 0.52734 0.23906 0.23906
0 0.55078 0.12578 0.22969 0.22969
0 0.40781 0.63906 0.18750 0.18750
1 0.55781 0.75625 0.19687 0.19687
3 0.52734 0.25234 0.27656 0.27656
3 0.45547 0.13437 0.30469 0.26875
0 0.58125 0.44219 0.21250 0.21250
2 0.49922 0.53984 0.28281 0.28281
