0 0.52031 0.27500 0.17813 0.17813
0 0.14609 0.83359 0.29219 0.33281
3 0.39219 0.54063 0.18750 0.18750
0 0.65547 0.46641 0.32344 0.32344
0 0.08047 0.60469 0.16094 0.20312
1 0.10938 0.91172 0.21875 0.17656
1 0.48984 0.21328 0.23281 0.23281
0 0.07969 0.93203 0.15937 0.13594
0 0.57266 0.60859 0.23906 0.23906
0 0.43047 0.54297 0.19531 0.19531
2 0.42578 0.08828 0.21406 0.17656
3 0.22578 0.65859 0.12344 0.12344
0 0.11484 0.14297 0.16406 0.16406
1 0.59844 0.17031 0.32188 0.32188
3 0.73594 0.30781 0.30000 0.30000
3 0.51562 0.69063 0.27187 0.27187
