1 0.73672 0.40078 0.28594 0.28594
3 0.70703 0.10703 0.21719 0.21406
0 0.56172 0.29922 0.33281 0.33281
3 0.20703 0.72578 0.32969 0.32969
3 0.32266 0.09766 0.21719 0.19531
3 0.33594 0.84609 0.34687 0.30781
3 0.21172 0.79922 0.21719 0.21719
3 0.42266 0.56484 0.16094 0.16094
1 0.12422 0.67422 0.24844 0.27969
1 0.90156 0.31328 0.19687 0.19844
3 0.27344 0.15937 0.14375 0.14375
3 0.68047 0.51172 0.32656 0.32656
2 0.64922 0.44609 0.18594 0.18594
3 0.08672 0.37656 0.17344 0.22812
2 0.53906 0.12969 0.24375 0.24375
0 0.76719 0.29531 0.17188 0.17188
1 0.89844 0.57812 0.17188 0.17188
2 0.61719 0.36875 0.31875 0.31875
