3 0.70625 0.76875 0.23125 0.23125
1 0.90781 0.72891 0.18438 0.19219
2 0.41719 0.87734 0.27813 0.24531
0 0.26797 0.93281 0.13594 0.13437
3 0.49609 0.80234 0.27031 0.27031
3 0.25000 0.06016 0.15937 0.12031
2 0.90469 0.19219 0.19062 0.22812
3 0.27813 0.64531 0.28437 0.28437
3 0.78359 0.63672 0.17656 0.17656
1 0.19219 0.53281 0.19062 0.19062
0 0.41719 0.12734 0.32188 0.25469
2 0.91563 0.35703 0.16875 0.19844
0 0.18984 0.28984 0.27344 0.27344
3 0.13984 0.48438 0.27969 0.32500
2 0.55469 0.72969 0.16562 0.16562
