0 0.70547 0.86484 0.17344 0.17344
3 0.38359 0.51328 0.19531 0.19531
3 0.58437 0.25312 0.22500 0.22500
1 0.11094 0.88125 0.22187 0.23750
0 0.22891 0.42422 0.20781 0.20781
2 0.16562 0.69063 0.33125 0.35000
3 0.38984 0.38516 0.28281 0.28281
0 0.64766 0.10859 0.17969 0.17969
0 0.31484 0.13594 0.28281 0.27187
1 0.64062 0.18438 0.24688 0.24688
0 0.71094 0.91484 0.17188 0.17031
0 0.40391 0.90391 0.19219 0.19219
0 0.45078 0.45547 0.24531 0.24531
3 0.91250 0.50469 0.17500 0.18438
0 0.51328 0.34766 0.15781 0.15781
