2 0.25078 0.14531 0.35156 0.29063
2 0.46094 0.70312 0.22187 0.22187
1 0.11406 0.91250 0.22187 0.17500
2 0.68359 0.06719 0.15781 0.13437
3 0.27187 0.79219 0.20625 0.20625
2 0.12344 0.83750 0.18750 0.18750
2 0.50156 0.61094 0.14062 0.14062
1 0.54063 0.80781 0.34063 0.34063
1 0.66719 0.49844 0.13437 0.13437
3 0.58125 0.12109 0.30000 0.24219
3 0.23281 0.66406 0.17813 0.17813
3 0.89062 0.27813 0.21875 0.25625
2 0.14297 0.26641 0.28594 0.28906
3 0.29141 0.13984 0.16719 0.16719
0 0.29453 0.49609 0.23281 0.23281
1 0.86875 0.54844 0.11563 0.11563
3 0.22109 0.62734 0.17969 0.17969
1 0.37500 0.19687 0.22812 0.22812
0 0.44453 0.53828 0.32031 0.32031
