2 0.66797 0.92344 0.19531 0.15313
0 0.55469 0.44375 0.12812 0.12812
0 0.86328 0.56328 0.27344 0.28906
0 0.84766 0.84297 0.15469 0.15469
0 0.26406 0.37344 0.16875 0.16875
2 0.54609 0.93203 0.16094 0.13594
0 0.18047 0.64922 0.27969 0.27969
0 0.09766 0.53516 0.19531 0.24531
2 0.57734 0.67422 0.32031 0.32031
3 0.81953 0.75391 0.26094 0.26094
0 0.83672 0.58359 0.15781 0.15781
0 0.82578 0.62266 0.16406 0.16406
0 0.84844 0.29844 0.25000 0.25000
0 0.66172 0.15937 0.34219 0.31875
1 0.88828 0.76875 0.22344 0.28437
