1 0.16250 0.87109 0.32188 0.25781
2 0.29063 0.70312 0.30938 0.30938
2 0.20938 0.46563 0.26875 0.26875
2 0.76250 0.62344 0.18125 0.18125
2 0.66875 0.12969 0.20625 0.20625
1 0.12812 0.71719 0.18750 0.18750
1 0.06719 0.45391 0.13437 0.16094
3 0.40859 0.15547 0.30781 0.30781
0 0.55391 0.60703 0.31406 0.31406
2 0.36250 0.80781 0.24375 0.24375
1 0.72344 0.91953 0.16250 0.16094
1 0.40547 0.40547 0.30469 0.30469
3 0.54375 0.76719 0.35625 0.35625
1 0.86953 0.88828 0.26094 0.22344
1 0.06719 0.23750 0.13437 0.16875
3 0.13437 0.59531 0.26875 0.26875
2 0.53281 0.52031 0.12812 0.12812
1 0.35625 0.57500 0.19687 0.19687
0 0.31641 0.80391 0.28906 0.28906
