0 0.58594 0.13047 0.30000 0.26094
0 0.10391 0.59766 0.18281 0.18281
0 0.53594 0.54688 0.16250 0.16250
0 0.40156 0.89375 0.21563 0.21250
3 0.12734 0.84062 0.25469 0.29375
1 0.89609 0.24609 0.19219 0.19219
1 0.37891 0.36641 0.21094 0.21094
0 0.23828 0.08984 0.20156 0.17969
3 0.64531 0.57500 0.31562 0.31562
0 0.27734 0.21641 0.26406 0.26406
1 0.43750 0.42500 0.28750 0.28750
0 0.57656 0.78281 0.19062 0.19062
1 0.80937 0.71250 0.30000 0.30000
0 0.39141 0.74766 0.21094 0.21094
0 0.20391 0.84375 0.34219 0.31250
0 0.17422 0.23672 0.24844 0.24844
