2 0.25469 0.13750 0.14688 0.14688
0 0.78125 0.37031 0.34375 0.34375
2 0.84766 0.24766 0.28906 0.28906
0 0.43906 0.62187 0.27187 0.27187
1 0.67500 0.29688 0.24688 0.24688
0 0.81875 0.85625 0.29688 0.28750
3 0.42500 0.67344 0.29375 0.29375
0 0.10312 0.21719 0.20625 0.26875
0 0.81016 0.62578 0.34219 0.34219
0 0.83125 0.65625 0.27187 0.27187
0 0.54453 0.87266 0.33594 0.25469
1 0.44922 0.35547 0.17031 0.17031
1 0.70547 0.11641 0.17656 0.17656
0 0.87266 0.28984 0.25469 0.27344
0 0.87344 0.35078 0.25312 0.26719
0 0.86484 0.67266 0.23906 0.23906
