3 0.33984 0.68984 0.15469 0.15469
0 0.62734 0.43984 0.25781 0.25781
3 0.19062 0.10938 0.21563 0.21563
0 0.30625 0.55625 0.14688 0.14688
0 0.70937 0.81250 0.29688 0.29688
1 0.51016 0.88594 0.23281 0.22812
3 0.84375 0.58047 0.31250 0.32344
3 0.88516 0.22969 0.22969 0.27813
2 0.48125 0.07734 0.15937 0.15469
3 0.73438 0.77344 0.20625 0.20625
1 0.63047 0.68203 0.32344 0.32344
1 0.45859 0.66016 0.26719 0.26719
1 0.70703 0.61797 0.22344 0.22344
1 0.21719 0.77812 0.18750 0.18750
3 0.86016 0.31094 0.27969 0.28125
0 0.58750 0.45000 0.25312 0.25312
1 0.17891 0.43984 0.18594 0.18594
3 0.11875 0.75313 0.20625 0.20625
0 0.26797 0.25703 0.28594 0.28594
1 0.48203 0.68984 0.23281 0.23281
1 0.57891 0.63203 0.18281 0.18281
0 0.22500 0.91016 0.22187 0.17969
0 0.16484 0.60391 0.26406 0.26406
