3 0.42734 0.52266 0.24531 0.24531
3 0.56016 0.53984 0.29531 0.29531
3 0.60234 0.41641 0.25781 0.25781
2 0.21719 0.76250 0.19687 0.19687
1 0.83984 0.77891 0.32031 0.34844
2 0.41719 0.83281 0.34687 0.33437
0 0.67500 0.35156 0.20938 0.20938
3 0.56797 0.72109 0.18906 0.18906
1 0.37891 0.34297 0.22656 0.22656
3 0.07969 0.22578 0.15937 0.19531
1 0.89375 0.68047 0.21250 0.23281
1 0.52969 0.91172 0.20625 0.17656
2 0.73438 0.80781 0.28125 0.28125
2 0.53359 0.11484 0.21406 0.21406
0 0.39453 0.75859 0.12656 0.12656
3 0.83906 0.52656 0.12812 0.12812
2 0.23906 0.42969 0.22500 0.22500
2 0.76797 0.20859 0.33281 0.33281
3 0.51484 0.45859 0.19531 0.19531
0 0.90156 0.90625 0.19687 0.18750
3 0.47187 0.32656 0.17500 0.17500
3 0.26641 0.83984 0.28906 0.28906
