1 0.81563 0.47187 0.25938 0.25938
0 0.51953 0.74922 0.32969 0.32969
1 0.86797 0.85703 0.26406 0.28594
1 0.29219 0.87578 0.28437 0.24844
2 0.24375 0.75313 0.18438 0.18438
2 0.57188 0.65625 0.13125 0.13125
0 0.72031 0.68281 0.30625 0.30625
2 0.88203 0.37266 0.23594 0.28281
0 0.43906 0.65625 0.24688 0.24688
0 0.92422 0.45781 0.15156 0.16250
1 0.72344 0.84062 0.35938 0.31875
2 0.52344 0.15937 0.24375 0.24375
2 0.78438 0.30312 0.25938 0.25938
3 0.93828 0.05547 0.12344 0.11094
1 0.36250 0.15313 0.34375 0.30625
1 0.78906 0.58594 0.23125 0.23125
2 0.58047 0.49297 0.35156 0.35156
