3 0.70312 0.15469 0.25312 0.25312
1 0.25469 0.60000 0.21563 0.21563
3 0.88516 0.60391 0.15156 0.15156
2 0.40391 0.72891 0.21406 0.21406
1 0.47813 0.09688 0.18438 0.18438
0 0.14844 0.22266 0.29688 0.36406
2 0.59375 0.81406 0.32500 0.32500
1 0.51641 0.65703 0.35469 0.35469
3 0.43594 0.59062 0.19687 0.19687
1 0.08594 0.76953 0.17188 0.21094
2 0.68906 0.58906 0.27500 0.27500
2 0.72813 0.69063 0.15937 0.15937
0 0.79141 0.74453 0.19531 0.19531
1 0.86016 0.81484 0.27344 0.27344
3 0.25391 0.69766 0.29219 0.29219
3 0.59531 0.32812 0.20000 0.20000
2 0.80703 0.85391 0.17031 0.17031
0 0.57891 0.14844 0.36406 0.29688
3 0.35391 0.51953 0.31719 0.31719
2 0.24766 0.24766 0.25469 0.25469
