1 0.15547 0.23203 0.27344 0.27344
3 0.88281 0.68828 0.23438 0.28281
0 0.42578 0.62109 0.18281 0.18281
2 0.76250 0.79531 0.24063 0.24063
2 0.14062 0.42578 0.28125 0.32031
3 0.81484 0.48984 0.36094 0.36094
2 0.47266 0.82578 0.20781 0.20781
3 0.18281 0.37969 0.26250 0.26250
3 0.62734 0.64922 0.35469 0.35469
3 0.20781 0.59375 0.23438 0.23438
2 0.82891 0.39609 0.15781 0.15781
2 0.06797 0.51875 0.13594 0.14375
1 0.35938 0.88125 0.25938 0.23750
2 0.74297 0.64609 0.22969 0.22969
0 0.56016 0.43984 0.17031 0.17031
3 0.57344 0.23906 0.27813 0.27813
2 0.79375 0.47969 0.20625 0.20625
