2 0.73438 0.28750 0.28750 0.28750
2 0.16094 0.72734 0.32188 0.32344
0 0.87734 0.26953 0.13281 0.13281
0 0.80937 0.86719 0.25625 0.25625
2 0.89141 0.46563 0.21719 0.22187
3 0.41484 0.37266 0.33281 0.33281
0 0.78359 0.63359 0.17344 0.17344
0 0.51016 0.29141 0.17031 0.17031
2 0.44375 0.13906 0.30938 0.27813
0 0.34531 0.09766 0.20312 0.19531
3 0.46719 0.33594 0.17188 0.17188
2 0.80859 0.11563 0.27031 0.23125
1 0.09219 0.11016 0.18438 0.21719
1 0.41875 0.24063 0.26250 0.26250
1 0.10859 0.42891 0.21719 0.27031
1 0.90625 0.57812 0.18750 0.25312
1 0.35703 0.20859 0.28906 0.28906
2 0.75938 0.16719 0.31562 0.31562
1 0.33125 0.55156 0.28125 0.28125
2 0.76094 0.04844 0.11875 0.09688
3 0.14922 0.33906 0.29844 0.30000
