0 0.57266 0.40703 0.23281 0.23281
3 0.29609 0.66016 0.17031 0.17031
1 0.92891 0.93437 0.14219 0.13125
0 0.51641 0.55234 0.31094 0.31094
1 0.91406 0.33984 0.17188 0.18594
0 0.50156 0.77031 0.26250 0.26250
0 0.11406 0.50938 0.22812 0.28125
3 0.23594 0.60938 0.20625 0.20625
1 0.57734 0.44766 0.16094 0.16094
0 0.46016 0.89922 0.13594 0.13594
1 0.21875 0.40937 0.22187 0.22187
0 0.65625 0.80469 0.21250 0.21250
1 0.09219 0.60938 0.18438 0.19375
1 0.13359 0.31172 0.22969 0.22969
1 0.32969 0.44375 0.23125 0.23125
1 0.78125 0.20000 0.11563 0.11563
2 0.86172 0.85859 0.27656 0.28281
0 0.59453 0.62734 0.26094 0.26094
0 0.12109 0.25859 0.22969 0.22969
0 0.12500 0.13906 0.24375 0.24375
1 0.13281 0.85547 0.26562 0.27656
