3 0.32656 0.86172 0.31250 0.27656
0 0.34766 0.84141 0.28906 0.28906
0 0.48984 0.23672 0.19531 0.19531
0 0.19844 0.16094 0.27500 0.27500
0 0.41641 0.78203 0.21406 0.21406
0 0.85078 0.55469 0.29844 0.30312
3 0.80547 0.09531 0.22969 0.19062
0 0.52422 0.54922 0.22969 0.22969
0 0.24375 0.35625 0.21250 0.21250
0 0.55078 0.21484 0.26406 0.26406
0 0.41328 0.38359 0.16719 0.16719
1 0.32109 0.59141 0.31094 0.31094
1 0.88125 0.81641 0.23750 0.24219
3 0.64844 0.28750 0.21875 0.21875
0 0.72969 0.08594 0.20312 0.17188
2 0.09297 0.37891 0.18594 0.20156
0 0.58125 0.37969 0.23125 0.23125
0 0.82578 0.81016 0.21719 0.21719
3 0.49922 0.65234 0.20469 0.20469
