0 0.75781 0.15000 0.23125 0.23125
0 0.43984 0.42109 0.33594 0.33594
1 0.89531 0.23438 0.20938 0.23125
0 0.43281 0.10000 0.17188 0.17188
0 0.20859 0.68047 0.32031 0.32031
1 0.52031 0.85938 0.21563 0.21563
0 0.55625 0.65000 0.34063 0.34063
2 0.83281 0.64844 0.15937 0.15937
0 0.59062 0.75781 0.33437 0.33437
1 0.10547 0.26719 0.21094 0.21563
2 0.93437 0.74141 0.13125 0.14531
1 0.10234 0.17266 0.20469 0.27031
3 0.85234 0.86016 0.24219 0.24219
1 0.20312 0.21094 0.17813 0.17813
3 0.11641 0.84922 0.23281 0.24844
1 0.34297 0.31328 0.27344 0.27344
0 0.78594 0.50313 0.17500 0.17500
0 0.72109 0.78984 0.13281 0.13281
1 0.26484 0.28047 0.24219 0.24219
