0 0.70937 0.63438 0.24375 0.24375
0 0.47266 0.55859 0.27969 0.27969
1 0.66875 0.07266 0.18125 0.14531
0 0.17578 0.36328 0.35156 0.35469
0 0.18438 0.48750 0.16562 0.16562
0 0.19219 0.22656 0.31562 0.31562
0 0.41641 0.36641 0.20469 0.20469
0 0.84609 0.51172 0.17344 0.17344
0 0.47422 0.78203 0.26719 0.26719
3 0.81797 0.13125 0.27344 0.26250
0 0.55703 0.71172 0.19219 0.19219
0 0.61016 0.18359 0.24219 0.24219
0 0.38984 0.87187 0.27969 0.25625
0 0.62109 0.30078 0.18594 0.18594
0 0.36094 0.88203 0.24375 0.23594
1 0.13828 0.86172 0.27656 0.27656
0 0.57031 0.09297 0.21563 0.18594
0 0.92344 0.46953 0.15313 0.15781
