0 0.73125 0.33906 0.35938 0.35938
1 0.26797 0.83359 0.27656 0.27656
0 0.74766 0.34922 0.25781 0.25781
0 0.25312 0.09375 0.20312 0.18750
0 0.87266 0.37656 0.25469 0.33437
2 0.28359 0.17734 0.22031 0.22031
0 0.52969 0.20938 0.27187 0.27187
0 0.80781 0.57969 0.15000 0.15000
3 0.67031 0.50938 0.34687 0.34687
0 0.54922 0.73516 0.13906 0.13906
2 0.10312 0.11719 0.20625 0.23438
2 0.50156 0.14688 0.23438 0.23438
1 0.32812 0.59219 0.29688 0.29688
1 0.30547 0.46797 0.17344 0.17344
0 0.09609 0.83203 0.19219 0.24219
0 0.21719 0.58281 0.31875 0.31875
0 0.15000 0.28281 0.25000 0.25000
0 0.80937 0.44531 0.15313 0.15313
1 0.59766 0.54297 0.25156 0.25156
