2 0.14375 0.42031 0.17188 0.17188
3 0.41172 0.13594 0.30781 0.27187
3 0.88672 0.26797 0.22656 0.22969
0 0.25938 0.53281 0.22500 0.22500
3 0.25625 0.27187 0.22500 0.22500
2 0.82188 0.90938 0.23438 0.18125
1 0.89609 0.19453 0.14844 0.14844
1 0.56953 0.75078 0.22344 0.22344
2 0.79922 0.50547 0.31719 0.31719
3 0.63125 0.56094 0.17188 0.17188
0 0.71484 0.86094 0.32031 0.27813
3 0.39922 0.45234 0.17656 0.17656
1 0.82734 0.10781 0.24844 0.21563
1 0.48125 0.10000 0.24375 0.20000
0 0.62656 0.45469 0.22812 0.22812
