3 0.89844 0.36094 0.18125 0.18125
0 0.68672 0.58047 0.23906 0.23906
0 0.44219 0.11563 0.23125 0.23125
0 0.74609 0.11953 0.30781 0.23906
1 0.58203 0.46641 0.30469 0.30469
1 0.74531 0.48594 0.28437 0.28437
0 0.22812 0.91094 0.15937 0.15937
0 0.10625 0.52266 0.21250 0.28281
3 0.55234 0.63203 0.17344 0.17344
0 0.87344 0.82344 0.25312 0.26875
0 0.26953 0.50391 0.32031 0.32031
0 0.11094 0.86875 0.22187 0.26250
0 0.40313 0.40937 0.24688 0.24688
2 0.49766 0.78984 0.25156 0.25156
3 0.37188 0.12344 0.20625 0.20625
0 0.18281 0.42656 0.30312 0.30312
0 0.37031 0.19375 0.24688 0.24688
1 0.73359 0.24922 0.26094 0.26094
3 0.45547 0.25547 0.29844 0.29844
2 0.15469 0.28594 0.30938 0.30938
