3 0.16250 0.75000 0.22812 0.22812
1 0.60547 0.56328 0.23594 0.23594
0 0.27266 0.43828 0.23281 0.23281
1 0.46250 0.90938 0.16250 0.16250
3 0.55000 0.39687 0.20312 0.20312
3 0.07422 0.08984 0.14844 0.15469
3 0.23750 0.17188 0.19687 0.19687
1 0.62969 0.49688 0.16250 0.16250
1 0.85234 0.16641 0.29531 0.33281
3 0.73750 0.62656 0.35000 0.35000
1 0.58047 0.71328 0.24844 0.24844
2 0.64844 0.32188 0.30938 0.30938
1 0.15156 0.13828 0.27813 0.27656
0 0.56016 0.78984 0.20156 0.20156
1 0.68672 0.89609 0.19531 0.19531
0 0.65391 0.60234 0.20781 0.20781
2 0.37500 0.85313 0.28437 0.28437
1 0.28750 0.32188 0.21875 0.21875
