0 0.33281 0.70469 0.16562 0.16562
1 0.14219 0.73906 0.28437 0.32500
0 0.23359 0.33203 0.26094 0.26094
0 0.75078 0.84141 0.33594 0.31719
0 0.49688 0.21406 0.25000 0.25000
0 0.90547 0.19844 0.18906 0.22500
1 0.11328 0.53672 0.16094 0.16094
1 0.25391 0.71016 0.26406 0.26406
1 0.51797 0.28203 0.22344 0.22344
2 0.91016 0.47344 0.17969 0.24063
1 0.22656 0.84844 0.30625 0.30312
0 0.82734 0.21641 0.24531 0.24531
3 0.56875 0.10781 0.23125 0.21563
0 0.21484 0.53672 0.30781 0.30781
0 0.18750 0.40937 0.24375 0.24375
0 0.16250 0.42969 0.18750 0.18750
0 0.68594 0.27500 0.28437 0.28437
0 0.15937 0.41875 0.16250 0.16250
