1 0.34141 0.66328 0.26094 0.26094
3 0.11563 0.26016 0.23125 0.29219
3 0.89531 0.54063 0.20938 0.25938
0 0.71406 0.52187 0.31250 0.31250
0 0.83359 0.60859 0.31406 0.31406
0 0.58594 0.31250 0.24063 0.24063
0 0.14453 0.50859 0.14844 0.14844
0 0.23203 0.83203 0.17969 0.17969
2 0.75703 0.55703 0.25469 0.25469
0 0.11641 0.93594 0.13906 0.12812
2 0.10781 0.18438 0.15625 0.15625
0 0.24688 0.88281 0.16250 0.16250
1 0.67734 0.72422 0.26094 0.26094
1 0.85000 0.09375 0.14375 0.14375
0 0.40781 0.75938 0.17813 0.17813
3 0.59609 0.56484 0.13906 0.13906
0 0.73828 0.81484 0.16719 0.16719
1 0.12266 0.57734 0.13906 0.13906
1 0.28672 0.89141 0.17344 0.17344
