1 0.52734 0.18516 0.22656 0.22656
3 0.83203 0.13672 0.15156 0.15156
1 0.25078 0.39297 0.17969 0.17969
0 0.21797 0.42734 0.14531 0.14531
2 0.24297 0.91172 0.22031 0.17656
2 0.50156 0.65625 0.27500 0.27500
1 0.48750 0.89375 0.20312 0.20312
1 0.23281 0.13437 0.21563 0.21563
1 0.51875 0.51875 0.19687 0.19687
1 0.46250 0.35313 0.32500 0.32500
0 0.83594 0.76484 0.32812 0.33281
2 0.63750 0.83281 0.31250 0.31250
3 0.89141 0.85703 0.21406 0.21406
2 0.62969 0.47969 0.28437 0.28437
1 0.84375 0.25000 0.23750 0.23750
1 0.30625 0.65000 0.24688 0.24688
1 0.61172 0.58359 0.22656 0.22656
0 0.63203 0.27891 0.32969 0.32969
1 0.30391 0.81484 0.27656 0.27656
1 0.15781 0.52500 0.18125 0.18125
