3 0.89375 0.74375 0.21250 0.24688
1 0.73516 0.62109 0.18594 0.18594
2 0.90781 0.82656 0.18438 0.19687
1 0.77578 0.44453 0.16719 0.16719
1 0.82891 0.38828 0.20469 0.20469
3 0.37500 0.20625 0.22500 0.22500
1 0.10781 0.21484 0.21563 0.24531
1 0.59219 0.62656 0.24375 0.24375
1 0.38203 0.39297 0.30781 0.30781
1 0.53906 0.27344 0.30938 0.30938
1 0.60938 0.35938 0.23750 0.23750
0 0.12578 0.28359 0.17344 0.17344
0 0.42578 0.88203 0.27344 0.23594
1 0.23438 0.40781 0.32812 0.32812
2 0.68906 0.75625 0.14375 0.14375
1 0.41484 0.46328 0.15156 0.15156
1 0.31562 0.50313 0.32188 0.32188
