0 0.49844 0.80781 0.17500 0.17500
0 0.78906 0.51406 0.14688 0.14688
0 0.59062 0.29375 0.21250 0.21250
0 0.77969 0.37344 0.26875 0.26875
0 0.37969 0.55312 0.25000 0.25000
2 0.70469 0.27656 0.20625 0.20625
3 0.63750 0.77969 0.26562 0.26562
0 0.12812 0.14766 0.25625 0.29531
0 0.11094 0.21953 0.22187 0.24219
2 0.07969 0.26875 0.15937 0.17500
0 0.31562 0.09219 0.20000 0.18438
3 0.21641 0.36641 0.25156 0.25156
3 0.07031 0.29141 0.14062 0.17031
0 0.34297 0.60547 0.18281 0.18281
1 0.73750 0.48906 0.14375 0.14375
0 0.14609 0.63359 0.24844 0.24844
0 0.11719 0.06172 0.13750 0.12344
