3 0.44531 0.76094 0.31562 0.31562
0 0.77656 0.22656 0.32500 0.32500
0 0.18438 0.28437 0.32500 0.32500
0 0.17031 0.16406 0.30312 0.30312
0 0.13281 0.80469 0.26562 0.34063
0 0.76328 0.86484 0.15469 0.15469
0 0.25000 0.86250 0.15313 0.15313
0 0.13516 0.24297 0.15469 0.15469
0 0.30547 0.30703 0.25469 0.25469
0 0.31250 0.17188 0.26250 0.26250
0 0.40078 0.18828 0.32656 0.32656
1 0.61094 0.55312 0.30938 0.30938
0 0.39219 0.40313 0.13125 0.13125
2 0.68906 0.34375 0.20312 0.20312
1 0.75859 0.36641 0.23906 0.23906
0 0.39687 0.46563 0.17188 0.17188
0 0.21484 0.09844 0.22031 0.19687
0 0.78672 0.43984 0.24219 0.24219
