2 0.90859 0.35703 0.18281 0.21094
0 0.42656 0.71719 0.29688 0.29688
2 0.31172 0.43203 0.28281 0.28281
0 0.77812 0.07109 0.17813 0.14219
0 0.27891 0.12891 0.29219 0.25781
1 0.63594 0.27344 0.23438 0.23438
0 0.38984 0.83672 0.30781 0.30781
0 0.57734 0.26016 0.24844 0.24844
0 0.08750 0.79297 0.17500 0.19531
3 0.52734 0.92578 0.18906 0.14844
0 0.86719 0.91250 0.13437 0.13437
3 0.80391 0.46172 0.27031 0.27031
0 0.52891 0.35859 0.22969 0.22969
0 0.85625 0.33281 0.28750 0.30000
2 0.87813 0.11875 0.21250 0.21250
0 0.13828 0.55156 0.27656 0.33750
0 0.94141 0.49688 0.11719 0.12812
0 0.32188 0.70312 0.23438 0.23438
0 0.09766 0.39922 0.19219 0.19219
1 0.17188 0.23750 0.31562 0.31562
0 0.33984 0.68203 0.18906 0.18906
