0 0.16172 0.85703 0.19844 0.19844
0 0.83984 0.56328 0.27344 0.27344
2 0.88438 0.34219 0.23125 0.26875
0 0.60859 0.68828 0.22656 0.22656
1 0.22578 0.84297 0.17031 0.17031
0 0.84062 0.72969 0.30625 0.30625
3 0.72422 0.48828 0.35469 0.35469
0 0.23203 0.82266 0.14531 0.14531
0 0.55937 0.31875 0.26250 0.26250
1 0.32578 0.28359 0.22344 0.22344
1 0.47187 0.22187 0.19687 0.19687
0 0.72969 0.85469 0.17188 0.17188
0 0.70156 0.65469 0.18438 0.18438
0 0.52812 0.29688 0.17500 0.17500
0 0.20859 0.32266 0.34219 0.34219
2 0.18516 0.51953 0.27656 0.27656
