2 0.74453 0.30078 0.22344 0.22344
0 0.79141 0.15703 0.33281 0.31406
0 0.61875 0.84688 0.20000 0.20000
0 0.28906 0.60938 0.20000 0.20000
0 0.56406 0.70937 0.32188 0.32188
1 0.88281 0.89766 0.23438 0.20469
1 0.11250 0.08750 0.17188 0.17188
3 0.42891 0.43672 0.24531 0.24531
3 0.43984 0.22266 0.14531 0.14531
1 0.55937 0.21875 0.18438 0.18438
0 0.76875 0.52500 0.23750 0.23750
0 0.58516 0.33672 0.16406 0.16406
0 0.83203 0.85859 0.31406 0.28281
0 0.67969 0.19062 0.31250 0.31250
0 0.60313 0.12109 0.26250 0.24219
1 0.50625 0.16562 0.16875 0.16875
0 0.91328 0.21641 0.16719 0.16719
0 0.37422 0.58828 0.22969 0.22969
0 0.17813 0.45625 0.25312 0.25312
2 0.17188 0.72500 0.25000 0.25000
3 0.15078 0.25000 0.30156 0.30312
0 0.08750 0.13984 0.17500 0.17969
0 0.13828 0.84531 0.27656 0.30938
