2 0.24219 0.67969 0.26562 0.26562
0 0.87109 0.67734 0.20156 0.20156
0 0.47969 0.90156 0.19687 0.19687
2 0.22266 0.91250 0.22656 0.17500
3 0.11172 0.05234 0.13594 0.10469
1 0.40313 0.13437 0.32812 0.26875
1 0.90000 0.53594 0.20000 0.26250
2 0.26953 0.83516 0.32969 0.32969
2 0.65938 0.25938 0.24375 0.24375
1 0.83594 0.50000 0.25938 0.25938
3 0.52891 0.10859 0.20156 0.20156
1 0.28672 0.57109 0.27344 0.27344
0 0.43438 0.40156 0.23438 0.23438
1 0.68984 0.55234 0.25156 0.25156
2 0.20078 0.41797 0.17031 0.17031
0 0.64141 0.43359 0.35781 0.35781
0 0.26562 0.35781 0.24063 0.24063
