2 0.89141 0.51719 0.21719 0.25000
2 0.78828 0.54453 0.13906 0.13906
3 0.84141 0.67578 0.17344 0.17344
3 0.71641 0.09219 0.21406 0.18438
1 0.56953 0.31172 0.26406 0.26406
2 0.93203 0.29141 0.13594 0.14844
1 0.66484 0.39141 0.28281 0.28281
1 0.73125 0.53594 0.16562 0.16562
0 0.31562 0.35469 0.28750 0.28750
1 0.36016 0.30078 0.23594 0.23594
2 0.70312 0.28594 0.28750 0.28750
2 0.13516 0.91641 0.17656 0.16719
3 0.11484 0.14531 0.22969 0.25312
1 0.55469 0.41563 0.24688 0.24688
2 0.72344 0.86484 0.29688 0.27031
2 0.36406 0.60938 0.27187 0.27187
1 0.27813 0.57344 0.19062 0.19062
1 0.33672 0.82891 0.26406 0.26406
