0 0.63281 0.87813 0.25938 0.24375
0 0.26484 0.92109 0.18281 0.15781
0 0.66328 0.31484 0.22656 0.22656
1 0.47109 0.34922 0.14844 0.14844
0 0.55078 0.73984 0.19844 0.19844
0 0.72188 0.17656 0.29688 0.29688
0 0.48750 0.08672 0.21563 0.17344
2 0.88906 0.53594 0.20000 0.20000
1 0.50469 0.22969 0.30938 0.30938
0 0.72500 0.83750 0.33750 0.32500
1 0.48750 0.14531 0.25312 0.25312
3 0.19609 0.54453 0.23906 0.23906
1 0.13828 0.18203 0.14844 0.14844
3 0.87813 0.29844 0.24375 0.27500
1 0.33984 0.05781 0.13594 0.11563
1 0.79453 0.34609 0.31094 0.31094
0 0.86797 0.61016 0.17031 0.17031
0 0.90938 0.23984 0.18125 0.19219
1 0.53828 0.87422 0.20469 0.20469
0 0.77187 0.56094 0.13750 0.13750
0 0.73125 0.82812 0.16562 0.16562
