0 0.14688 0.35469 0.24375 0.24375
0 0.21406 0.65156 0.24688 0.24688
1 0.62031 0.24688 0.25938 0.25938
0 0.83047 0.13125 0.27344 0.26250
3 0.60078 0.54297 0.24219 0.24219
0 0.15625 0.33281 0.18125 0.18125
0 0.84609 0.92734 0.16719 0.14531
0 0.10547 0.77109 0.21094 0.21094
0 0.40859 0.35703 0.23906 0.23906
2 0.72656 0.57812 0.16875 0.16875
0 0.13281 0.83750 0.22500 0.22500
0 0.85859 0.59453 0.28281 0.28594
0 0.67031 0.22187 0.19375 0.19375
1 0.64844 0.79219 0.24375 0.24375
2 0.19844 0.70781 0.14375 0.14375
0 0.76875 0.90469 0.22812 0.19062
0 0.37500 0.16094 0.16875 0.16875
2 0.55469 0.85313 0.32500 0.29375
1 0.63750 0.14062 0.25938 0.25938
0 0.55625 0.63438 0.27500 0.27500
