0 0.87500 0.66563 0.15313 0.15313
0 0.14219 0.58125 0.28437 0.34687
0 0.42578 0.88750 0.28281 0.22500
0 0.67109 0.77422 0.20781 0.20781
1 0.35469 0.75625 0.25938 0.25938
0 0.31875 0.49219 0.27187 0.27187
1 0.76875 0.37188 0.25312 0.25312
0 0.23438 0.82656 0.32812 0.32812
2 0.75391 0.86562 0.31406 0.26875
0 0.09531 0.87813 0.17188 0.17188
0 0.54453 0.41484 0.28906 0.28906
0 0.30781 0.65000 0.15000 0.15000
2 0.70469 0.49688 0.25000 0.25000
0 0.49844 0.78281 0.23438 0.23438
0 0.46875 0.57656 0.27813 0.27813
0 0.33984 0.10625 0.27031 0.21250
0 0.46484 0.58359 0.22031 0.22031
0 0.88047 0.11250 0.23906 0.22500
2 0.34687 0.24063 0.15000 0.15000
0 0.79766 0.39141 0.14219 0.14219
0 0.41016 0.34297 0.24219 0.24219
0 0.69688 0.62187 0.15313 0.15313
