0 0.18906 0.82188 0.29063 0.29063
0 0.44141 0.10781 0.27344 0.21563
1 0.77578 0.39141 0.16719 0.16719
0 0.19219 0.49844 0.14688 0.14688
0 0.30156 0.46406 0.15625 0.15625
3 0.90234 0.12422 0.19531 0.24219
1 0.52187 0.57969 0.15000 0.15000
1 0.72656 0.16875 0.31562 0.31562
1 0.84453 0.76797 0.28594 0.28594
2 0.55234 0.80078 0.19531 0.19531
2 0.48203 0.86172 0.25469 0.25469
2 0.89141 0.33906 0.21719 0.25938
0 0.65312 0.12969 0.18125 0.18125
0 0.62344 0.84062 0.21563 0.21563
2 0.45859 0.47266 0.12969 0.12969
1 0.69219 0.83437 0.16875 0.16875
1 0.25469 0.42031 0.23125 0.23125
0 0.76250 0.12187 0.19687 0.19687
0 0.06719 0.75703 0.13437 0.16094
0 0.46484 0.39297 0.16719 0.16719
0 0.69297 0.72422 0.21719 0.21719
0 0.11797 0.10625 0.21719 0.21250
