3 0.72891 0.68203 0.22344 0.22344
2 0.46094 0.22344 0.15313 0.15313
3 0.68437 0.81875 0.20000 0.20000
3 0.58594 0.15859 0.34063 0.31719
2 0.58906 0.48438 0.18125 0.18125
3 0.39609 0.87031 0.35156 0.25938
2 0.69453 0.19297 0.12969 0.12969
1 0.18516 0.12891 0.15156 0.15156
2 0.25078 0.64297 0.17656 0.17656
3 0.31094 0.17031 0.18438 0.18438
1 0.75156 0.15781 0.15313 0.15313
1 0.76172 0.42109 0.30781 0.30781
0 0.47422 0.78672 0.24844 0.24844
0 0.29531 0.57969 0.22812 0.22812
1 0.17422 0.90938 0.21719 0.18125
