0 0.15156 0.12031 0.30312 0.24063
0 0.88672 0.22969 0.22656 0.23125
1 0.74766 0.46953 0.27656 0.27656
0 0.55937 0.20469 0.25000 0.25000
0 0.29219 0.36406 0.30000 0.30000
1 0.16328 0.64219 0.32656 0.35000
0 0.70312 0.40313 0.29375 0.29375
0 0.57734 0.64922 0.22656 0.22656
1 0.52266 0.89453 0.16094 0.16094
3 0.77969 0.77344 0.26250 0.26250
0 0.56016 0.73359 0.24219 0.24219
0 0.56641 0.41016 0.22031 0.22031
0 0.47422 0.70859 0.26094 0.26094
0 0.14141 0.22891 0.23594 0.23594
0 0.76094 0.33750 0.34375 0.34375
2 0.82812 0.82188 0.25312 0.25312
0 0.49531 0.20625 0.20000 0.20000
0 0.69063 0.16562 0.22187 0.22187
1 0.85859 0.27109 0.26406 0.26406
0 0.47266 0.74922 0.15781 0.15781
1 0.27578 0.21797 0.17031 0.17031
