0 0.82734 0.57891 0.25781 0.25781
0 0.62109 0.90000 0.26094 0.20000
1 0.50234 0.23203 0.18594 0.18594
0 0.58359 0.58047 0.23906 0.23906
0 0.57734 0.45547 0.17656 0.17656
3 0.17344 0.32344 0.17188 0.17188
0 0.25078 0.66641 0.25781 0.25781
3 0.11641 0.15000 0.23281 0.30000
0 0.83828 0.46172 0.29219 0.29219
1 0.56016 0.25234 0.26406 0.26406
0 0.78047 0.31484 0.33594 0.33594
0 0.48125 0.42344 0.28750 0.28750
3 0.79609 0.75703 0.17656 0.17656
1 0.33672 0.87500 0.30469 0.25000
3 0.10703 0.33125 0.21406 0.23750
0 0.91094 0.68125 0.17813 0.19375
2 0.89922 0.42734 0.20156 0.20156
3 0.17813 0.17500 0.30312 0.30312
