1 0.84844 0.73125 0.26562 0.26562
0 0.88984 0.25859 0.22031 0.27344
1 0.73047 0.25234 0.32656 0.32656
0 0.52656 0.83281 0.19687 0.19687
3 0.39844 0.34687 0.22187 0.22187
3 0.56328 0.79141 0.28594 0.28594
1 0.80469 0.78750 0.28750 0.28750
1 0.43359 0.69297 0.25781 0.25781
0 0.08984 0.54141 0.17969 0.18594
1 0.89766 0.37500 0.20469 0.22500
0 0.38359 0.44766 0.22344 0.22344
0 0.13516 0.84922 0.26719 0.26719
3 0.47187 0.20625 0.26250 0.26250
0 0.53672 0.69766 0.18594 0.18594
1 0.21953 0.57266 0.26406 0.26406
3 0.43203 0.42734 0.15781 0.15781
0 0.72188 0.17656 0.24063 0.24063
