3 0.70391 0.26797 0.28594 0.28594
0 0.64297 0.12891 0.29531 0.25781
0 0.30000 0.34063 0.19375 0.19375
0 0.39219 0.79688 0.34687 0.34687
0 0.11250 0.81875 0.22500 0.29375
0 0.82109 0.82578 0.21406 0.21406
3 0.74922 0.21797 0.18906 0.18906
0 0.60859 0.67891 0.19219 0.19219
0 0.75547 0.13594 0.27656 0.27187
1 0.34219 0.88906 0.20625 0.20625
0 0.45000 0.11953 0.26875 0.23906
3 0.13281 0.18047 0.26562 0.33281
1 0.13281 0.69297 0.26562 0.32344
0 0.32891 0.66953 0.22656 0.22656
0 0.52812 0.11797 0.25938 0.23594
2 0.68203 0.64453 0.23906 0.23906
1 0.62813 0.53594 0.15313 0.15313
0 0.89297 0.73281 0.21406 0.27187
0 0.42109 0.61953 0.23281 0.23281
2 0.69141 0.54297 0.21719 0.21719
0 0.82422 0.11094 0.28906 0.22187
3 0.42500 0.47813 0.29375 0.29375
