2 0.18438 0.66719 0.32188 0.32188
3 0.74219 0.49219 0.19375 0.19375
2 0.58828 0.79609 0.28281 0.28281
0 0.44219 0.30625 0.15000 0.15000
2 0.18828 0.28516 0.17656 0.17656
1 0.88906 0.79297 0.22187 0.27969
1 0.43672 0.19453 0.25781 0.25781
1 0.60781 0.89687 0.24063 0.20625
1 0.61562 0.37188 0.26875 0.26875
1 0.83594 0.66406 0.20312 0.20312
1 0.17031 0.13125 0.34063 0.26250
2 0.71016 0.54453 0.27969 0.27969
0 0.66484 0.60391 0.20156 0.20156
0 0.56328 0.41172 0.21094 0.21094
2 0.79141 0.75391 0.19844 0.19844
2 0.56250 0.37812 0.19375 0.19375
