0 0.61641 0.12578 0.28281 0.25156
1 0.86484 0.31328 0.27031 0.31094
0 0.55391 0.29141 0.27969 0.27969
0 0.43828 0.84609 0.23281 0.23281
0 0.24844 0.72500 0.15625 0.15625
3 0.68281 0.69531 0.25625 0.25625
0 0.55391 0.38047 0.17344 0.17344
0 0.87500 0.35703 0.25000 0.25781
1 0.41328 0.87891 0.31719 0.24219
0 0.87969 0.75156 0.12812 0.12812
2 0.69766 0.11953 0.16719 0.16719
0 0.09922 0.14141 0.19844 0.20781
0 0.07578 0.77266 0.15156 0.15469
1 0.67734 0.55078 0.31719 0.31719
0 0.20781 0.88750 0.25000 0.22500
3 0.57344 0.92578 0.19375 0.14844
