2 0.51172 0.59766 0.32969 0.32969
0 0.47891 0.37109 0.24844 0.24844
0 0.68672 0.80078 0.26406 0.26406
1 0.87891 0.64844 0.24219 0.26562
0 0.77656 0.80937 0.33437 0.33437
1 0.79922 0.58672 0.28594 0.28594
1 0.48984 0.63359 0.26406 0.26406
0 0.10781 0.49688 0.21563 0.25625
0 0.78516 0.66797 0.29844 0.29844
0 0.36328 0.18359 0.28594 0.28594
1 0.63203 0.25703 0.31719 0.31719
0 0.94922 0.89844 0.10156 0.13125
1 0.13594 0.39062 0.22500 0.22500
3 0.36016 0.25859 0.24531 0.24531
1 0.78906 0.13281 0.27500 0.26562
0 0.48594 0.42500 0.13125 0.13125
