2 0.49922 0.31328 0.18281 0.18281
3 0.76328 0.52578 0.18281 0.18281
1 0.86953 0.88281 0.23906 0.23438
3 0.23984 0.74297 0.30156 0.30156
3 0.28750 0.22969 0.19062 0.19062
2 0.21328 0.62422 0.21406 0.21406
1 0.47266 0.10781 0.24844 0.21563
1 0.82500 0.19219 0.26562 0.26562
1 0.43281 0.90469 0.19062 0.19062
0 0.36172 0.90234 0.14219 0.14219
3 0.90156 0.83750 0.13125 0.13125
1 0.16406 0.12187 0.26250 0.24375
3 0.86094 0.31250 0.27813 0.29375
1 0.15859 0.75391 0.17344 0.17344
2 0.43828 0.57422 0.24844 0.24844
1 0.37891 0.68359 0.31406 0.31406
1 0.12656 0.83437 0.25312 0.30000
0 0.38047 0.21016 0.34531 0.34531
0 0.09297 0.85938 0.18594 0.22812
3 0.71875 0.39531 0.28437 0.28437
