2 0.21875 0.77656 0.15000 0.15000
3 0.78281 0.77500 0.24375 0.24375
1 0.45469 0.20938 0.16562 0.16562
2 0.72813 0.85078 0.31562 0.29844
3 0.19531 0.25625 0.24063 0.24063
1 0.81875 0.28125 0.21250 0.21250
1 0.30391 0.82578 0.27344 0.27344
0 0.73359 0.70703 0.18281 0.18281
1 0.83984 0.87578 0.26406 0.24844
1 0.12266 0.74609 0.24531 0.28906
3 0.62422 0.78672 0.26406 0.26406
1 0.41875 0.61094 0.28437 0.28437
3 0.63984 0.81953 0.24219 0.24219
2 0.27422 0.34453 0.26094 0.26094
3 0.38594 0.92188 0.19687 0.15625
1 0.13906 0.57656 0.15625 0.15625
