0 0.10703 0.10547 0.16719 0.16719
2 0.54922 0.44297 0.23281 0.23281
0 0.39922 0.66953 0.14219 0.14219
1 0.37188 0.49375 0.26875 0.26875
1 0.47891 0.13984 0.27969 0.27969
2 0.47344 0.91719 0.15937 0.15937
0 0.52422 0.07187 0.17031 0.14375
0 0.16719 0.84531 0.20312 0.20312
0 0.23594 0.42812 0.30312 0.30312
0 0.91172 0.20234 0.17656 0.20781
0 0.76328 0.43203 0.25781 0.25781
0 0.79219 0.70000 0.28437 0.28437
0 0.58047 0.85781 0.30469 0.28437
0 0.25703 0.81172 0.27656 0.27656
0 0.48125 0.31250 0.16562 0.16562
1 0.71016 0.57422 0.15469 0.15469
0 0.85938 0.28750 0.25000 0.25000
3 0.22578 0.39297 0.17031 0.17031
