0 0.77656 0.86250 0.28437 0.27500
0 0.81719 0.69531 0.27500 0.27500
1 0.50859 0.87187 0.25781 0.25625
0 0.28125 0.14062 0.17813 0.17813
0 0.66563 0.45156 0.18750 0.18750
0 0.13516 0.82109 0.25781 0.25781
0 0.73516 0.86641 0.17656 0.17656
1 0.59062 0.92500 0.17188 0.15000
0 0.39453 0.69922 0.20781 0.20781
0 0.39922 0.46484 0.22031 0.22031
2 0.79609 0.27578 0.21719 0.21719
0 0.40625 0.23750 0.27187 0.27187
2 0.36875 0.35781 0.18125 0.18125
1 0.89844 0.49844 0.20312 0.21250
1 0.79531 0.40313 0.21250 0.21250
0 0.26250 0.84375 0.30938 0.30938
3 0.64609 0.62578 0.21719 0.21719
1 0.31953 0.76328 0.24531 0.24531
1 0.88281 0.65000 0.23438 0.30312
