0 0.59609 0.60234 0.34219 0.34219
0 0.21719 0.70469 0.24375 0.24375
0 0.14141 0.88984 0.24844 0.22031
0 0.55703 0.26328 0.34844 0.34844
1 0.46484 0.51172 0.20781 0.20781
0 0.36094 0.24844 0.18125 0.18125
0 0.87578 0.36875 0.24844 0.31875
0 0.60469 0.31875 0.13750 0.13750
0 0.18203 0.58203 0.32656 0.32656
3 0.82812 0.36406 0.24063 0.24063
0 0.68281 0.15000 0.15313 0.15313
1 0.74844 0.47969 0.21563 0.21563
2 0.12031 0.89531 0.18438 0.18438
3 0.19844 0.18281 0.17188 0.17188
0 0.50391 0.88359 0.21719 0.21719
1 0.66719 0.77500 0.30625 0.30625
0 0.63906 0.86797 0.35625 0.26406
0 0.80469 0.89375 0.27813 0.21250
2 0.37109 0.79297 0.30156 0.30156
0 0.21563 0.48281 0.21875 0.21875
