3 0.58047 0.59297 0.35469 0.35469
3 0.87344 0.64531 0.21563 0.21563
3 0.75313 0.38438 0.23438 0.23438
1 0.82578 0.55703 0.25156 0.25156
3 0.13594 0.87656 0.24375 0.24375
2 0.26875 0.22812 0.30000 0.30000
1 0.18750 0.35938 0.16875 0.16875
0 0.91641 0.59609 0.16719 0.21406
0 0.80156 0.07422 0.17500 0.14844
1 0.29063 0.38594 0.29375 0.29375
3 0.47422 0.51953 0.34531 0.34531
0 0.44609 0.57109 0.18281 0.18281
3 0.70078 0.20391 0.27656 0.27656
2 0.38125 0.65625 0.12187 0.12187
1 0.44375 0.75625 0.25625 0.25625
2 0.76484 0.50391 0.32656 0.32656
