0 0.64453 0.70234 0.21406 0.21406
0 0.51562 0.46094 0.32500 0.32500
1 0.31797 0.71016 0.11406 0.11406
1 0.45625 0.13125 0.23750 0.23750
0 0.76094 0.57656 0.13750 0.13750
0 0.60547 0.36172 0.17969 0.17969
0 0.87813 0.86016 0.24375 0.27969
0 0.58672 0.72109 0.20156 0.20156
0 0.56250 0.52187 0.20938 0.20938
0 0.21016 0.41953 0.34219 0.34219
0 0.88359 0.19531 0.23281 0.26562
0 0.50547 0.76016 0.22344 0.22344
1 0.81406 0.89844 0.26875 0.20312
0 0.80469 0.77031 0.25938 0.25938
0 0.74922 0.53516 0.17969 0.17969
