2 0.40937 0.70469 0.33437 0.33437
3 0.46406 0.27656 0.21250 0.21250
2 0.79766 0.09375 0.21719 0.18750
0 0.32266 0.35391 0.15156 0.15156
2 0.66250 0.69063 0.28437 0.28437
3 0.08438 0.11250 0.16875 0.20000
3 0.34922 0.78203 0.27656 0.27656
1 0.71953 0.18672 0.25156 0.25156
1 0.76797 0.60859 0.25469 0.25469
2 0.18203 0.24453 0.33281 0.33281
1 0.67500 0.72813 0.21250 0.21250
1 0.18594 0.46250 0.29063 0.29063
1 0.83516 0.12734 0.17656 0.17656
0 0.64531 0.41719 0.28750 0.28750
1 0.63281 0.28594 0.35625 0.35625
3 0.43750 0.12500 0.16875 0.16875
0 0.58906 0.30469 0.22500 0.22500
0 0.85469 0.42656 0.15000 0.15000
0 0.80234 0.76172 0.17031 0.17031
