0 0.36406 0.88672 0.25312 0.22656
2 0.44453 0.45703 0.24219 0.24219
2 0.48281 0.13594 0.24375 0.24375
1 0.27422 0.58828 0.26094 0.26094
0 0.32031 0.88984 0.23125 0.22031
3 0.73516 0.72734 0.18906 0.18906
2 0.49609 0.27578 0.22344 0.22344
1 0.68359 0.87969 0.29219 0.24063
1 0.23281 0.79375 0.24063 0.24063
3 0.45781 0.74375 0.17500 0.17500
2 0.58047 0.66953 0.14531 0.14531
2 0.87031 0.74766 0.25938 0.27969
1 0.50313 0.38125 0.17813 0.17813
2 0.48125 0.55469 0.12187 0.12187
3 0.61719 0.56563 0.25625 0.25625
1 0.79453 0.89922 0.17031 0.17031
