3 0.32422 0.17578 0.27656 0.27656
3 0.35469 0.36719 0.20000 0.20000
1 0.80391 0.86953 0.25781 0.25781
0 0.80469 0.91328 0.20312 0.17344
1 0.70781 0.87344 0.18438 0.18438
3 0.10234 0.43281 0.20469 0.23438
1 0.61875 0.79531 0.18750 0.18750
0 0.85313 0.63438 0.14375 0.14375
0 0.57422 0.49766 0.17656 0.17656
0 0.14219 0.69688 0.21563 0.21563
3 0.71172 0.68516 0.20781 0.20781
0 0.89922 0.81094 0.20156 0.21250
2 0.51797 0.20391 0.17031 0.17031
3 0.22266 0.43516 0.33594 0.33594
0 0.54531 0.81563 0.31562 0.31562
3 0.37812 0.86172 0.28750 0.27656
3 0.36641 0.59297 0.18906 0.18906
0 0.17734 0.82891 0.19844 0.19844
0 0.30078 0.83047 0.17031 0.17031
0 0.68047 0.09922 0.24844 0.19844
