0 0.32109 0.81172 0.22656 0.22656
2 0.27187 0.08438 0.16250 0.16250
3 0.69297 0.76797 0.30781 0.30781
3 0.92734 0.37969 0.14531 0.17188
2 0.42812 0.06641 0.15937 0.13281
0 0.76562 0.36719 0.16562 0.16562
1 0.72500 0.75625 0.20000 0.20000
1 0.79766 0.28203 0.22344 0.22344
2 0.86016 0.51328 0.27969 0.36094
1 0.84844 0.83594 0.21875 0.21875
0 0.67188 0.32969 0.27500 0.27500
1 0.54844 0.81875 0.15000 0.15000
0 0.12812 0.81875 0.25625 0.32188
1 0.15469 0.35313 0.27187 0.27187
1 0.11094 0.18125 0.22187 0.23750
