0 0.09062 0.20625 0.18125 0.18438
0 0.93516 0.15313 0.12969 0.15937
0 0.36562 0.37188 0.18438 0.18438
0 0.60078 0.68984 0.21094 0.21094
0 0.58828 0.29141 0.28906 0.28906
0 0.91328 0.51484 0.16094 0.16094
1 0.67812 0.51562 0.14688 0.14688
3 0.86719 0.35234 0.26562 0.33281
3 0.35234 0.46016 0.14531 0.14531
1 0.78516 0.45859 0.26719 0.26719
0 0.35391 0.58047 0.29219 0.29219
1 0.76797 0.72734 0.33281 0.33281
0 0.69844 0.87969 0.18438 0.18438
0 0.17969 0.31875 0.18438 0.18438
0 0.34844 0.18594 0.23750 0.23750
2 0.50234 0.44922 0.29531 0.29531
0 0.10312 0.57188 0.16875 0.16875
2 0.48438 0.87266 0.30000 0.25469
2 0.17578 0.20547 0.25156 0.25156
2 0.78594 0.22656 0.35000 0.35000
