2 0.70000 0.87187 0.34687 0.25625
0 0.21094 0.83906 0.23750 0.23750
1 0.85469 0.76250 0.26562 0.26562
0 0.12187 0.80000 0.17813 0.17813
0 0.88984 0.55078 0.16094 0.16094
2 0.46406 0.52656 0.17813 0.17813
1 0.68047 0.24141 0.24844 0.24844
1 0.85625 0.85547 0.28750 0.28906
1 0.72656 0.69375 0.34687 0.34687
3 0.30859 0.43203 0.33594 0.33594
0 0.53125 0.68125 0.24063 0.24063
0 0.15781 0.77500 0.18125 0.18125
0 0.87266 0.41797 0.23594 0.23594
3 0.81953 0.10391 0.22344 0.20781
0 0.12422 0.41328 0.24844 0.29219
0 0.43281 0.71094 0.23438 0.23438
3 0.26406 0.35000 0.27813 0.27813
