0 0.72891 0.21641 0.18906 0.18906
0 0.28672 0.07891 0.15156 0.15156
1 0.43828 0.48672 0.31094 0.31094
0 0.09688 0.17188 0.19375 0.22500
2 0.53672 0.19297 0.19844 0.19844
0 0.42344 0.28906 0.22187 0.22187
0 0.67812 0.12734 0.31250 0.25469
0 0.20781 0.55937 0.26875 0.26875
2 0.30156 0.33906 0.16250 0.16250
1 0.80937 0.18750 0.26875 0.26875
0 0.26484 0.43516 0.25156 0.25156
0 0.56875 0.32344 0.31875 0.31875
0 0.74687 0.49219 0.21250 0.21250
0 0.83516 0.90859 0.24219 0.18281
1 0.17578 0.17422 0.22656 0.22656
0 0.41484 0.13906 0.28906 0.27813
