1 0.70859 0.68516 0.32969 0.32969
3 0.13594 0.14531 0.14062 0.14062
0 0.83125 0.32031 0.15937 0.15937
3 0.87734 0.56172 0.15156 0.15156
1 0.78203 0.42422 0.35156 0.35156
1 0.58203 0.53984 0.11719 0.11719
2 0.77109 0.75547 0.20469 0.20469
2 0.90078 0.21719 0.19844 0.21563
0 0.75234 0.11250 0.25156 0.22500
2 0.10312 0.73438 0.20625 0.23750
0 0.18828 0.33203 0.23906 0.23906
2 0.51328 0.22266 0.19844 0.19844
2 0.62656 0.44219 0.28125 0.28125
2 0.59375 0.12969 0.26875 0.25938
1 0.42188 0.84219 0.28437 0.28437
