1 0.33047 0.30234 0.27656 0.27656
0 0.65859 0.93047 0.17031 0.13906
0 0.68437 0.51875 0.26875 0.26875
0 0.78594 0.82500 0.24375 0.24375
0 0.36328 0.70547 0.25781 0.25781
2 0.77422 0.69609 0.14531 0.14531
2 0.69844 0.72344 0.21250 0.21250
0 0.69609 0.27109 0.20156 0.20156
0 0.66641 0.82578 0.32031 0.32031
0 0.24063 0.79063 0.25625 0.25625
0 0.90859 0.30859 0.18281 0.24531
0 0.33672 0.49766 0.20469 0.20469
1 0.70391 0.55234 0.16406 0.16406
0 0.13672 0.23125 0.27344 0.28125
0 0.54297 0.61328 0.16094 0.16094
