0 0.46641 0.59922 0.34844 0.34844
0 0.87813 0.17031 0.24063 0.24063
0 0.73672 0.17266 0.35156 0.34531
1 0.16406 0.26250 0.14688 0.14688
0 0.82031 0.13750 0.25938 0.25938
1 0.47734 0.45859 0.36406 0.36406
0 0.20547 0.82734 0.23281 0.23281
1 0.50313 0.62656 0.20625 0.20625
0 0.77344 0.90000 0.24688 0.20000
2 0.86094 0.49219 0.24688 0.24688
0 0.50781 0.85469 0.19062 0.19062
1 0.42109 0.79922 0.16094 0.16094
2 0.74141 0.81484 0.28906 0.28906
0 0.39844 0.39844 0.26562 0.26562
0 0.11250 0.70859 0.22500 0.23281
0 0.44922 0.89766 0.19531 0.19531
