0 0.14453 0.48906 0.28906 0.30000
0 0.16953 0.71797 0.24844 0.24844
0 0.82344 0.88594 0.17188 0.17188
0 0.71406 0.17969 0.20000 0.20000
1 0.54063 0.30469 0.18438 0.18438
0 0.70078 0.37734 0.25156 0.25156
0 0.16719 0.22500 0.21250 0.21250
0 0.21250 0.86719 0.26562 0.26562
1 0.58828 0.68984 0.31719 0.31719
0 0.40937 0.53438 0.28750 0.28750
0 0.23594 0.24688 0.27500 0.27500
0 0.41094 0.29063 0.16562 0.16562
0 0.84062 0.61406 0.15937 0.15937
3 0.22500 0.53906 0.27813 0.27813
0 0.68359 0.49453 0.23906 0.23906
0 0.50469 0.16094 0.28437 0.28437
3 0.89297 0.77266 0.16719 0.16719
