0 0.77969 0.11250 0.28125 0.22500
1 0.74844 0.17031 0.23125 0.23125
0 0.86719 0.55000 0.23125 0.23125
0 0.33906 0.54219 0.25625 0.25625
1 0.77422 0.77422 0.27344 0.27344
1 0.87813 0.59062 0.23125 0.23125
1 0.11172 0.42891 0.12656 0.12656
2 0.66250 0.83906 0.20625 0.20625
2 0.41406 0.34531 0.25000 0.25000
2 0.27813 0.80781 0.27500 0.27500
2 0.85859 0.76562 0.28281 0.34687
0 0.49453 0.88516 0.17344 0.17344
0 0.89922 0.18438 0.20156 0.24375
0 0.90234 0.80312 0.19531 0.24063
0 0.94688 0.64531 0.10625 0.12812
2 0.42344 0.85156 0.25312 0.25312
0 0.34844 0.82891 0.34687 0.34219
0 0.17109 0.72266 0.16406 0.16406
0 0.66484 0.50234 0.17969 0.17969
0 0.59844 0.39687 0.16875 0.16875
3 0.28125 0.41875 0.15937 0.15937
0 0.32891 0.24453 0.21406 0.21406
