1 0.25234 0.59453 0.35781 0.35781
2 0.21719 0.71875 0.17188 0.17188
2 0.80859 0.48203 0.32031 0.32031
3 0.32656 0.11797 0.24688 0.23594
2 0.24609 0.32422 0.28594 0.28594
0 0.52422 0.58516 0.34219 0.34219
1 0.42500 0.06797 0.16250 0.13594
2 0.62813 0.15469 0.32500 0.30938
2 0.44531 0.75781 0.25938 0.25938
2 0.14141 0.17422 0.28281 0.31094
2 0.45547 0.50078 0.26406 0.26406
0 0.09609 0.83594 0.19219 0.23438
3 0.58516 0.35078 0.22031 0.22031
3 0.93516 0.68281 0.12969 0.14375
1 0.68906 0.88438 0.25625 0.23125
2 0.73047 0.19297 0.27344 0.27344
3 0.44609 0.68516 0.19531 0.19531
1 0.15781 0.39375 0.16250 0.16250
1 0.85859 0.27891 0.17656 0.17656
3 0.79375 0.57188 0.28750 0.28750
2 0.87891 0.72109 0.22031 0.22031
