2 0.71484 0.45547 0.33281 0.33281
2 0.56094 0.42656 0.22187 0.22187
1 0.89609 0.80156 0.20781 0.25625
2 0.21875 0.78281 0.15937 0.15937
2 0.70547 0.87500 0.25469 0.25000
0 0.12031 0.83047 0.24063 0.25781
3 0.26797 0.33047 0.23906 0.23906
1 0.69766 0.43203 0.16094 0.16094
0 0.53750 0.50625 0.14375 0.14375
0 0.14297 0.33203 0.28594 0.31406
1 0.72344 0.62656 0.24688 0.24688
1 0.72422 0.49609 0.18594 0.18594
0 0.17578 0.38047 0.25781 0.25781
2 0.17109 0.86250 0.33906 0.27500
3 0.35703 0.46484 0.26406 0.26406
3 0.60234 0.42109 0.15781 0.15781
0 0.37891 0.12344 0.29844 0.24688
