1 0.09609 0.58203 0.19219 0.23906
0 0.10078 0.82734 0.16406 0.16406
3 0.93047 0.91172 0.13906 0.17656
0 0.06406 0.17969 0.12812 0.15625
1 0.88281 0.72969 0.17188 0.17188
3 0.53125 0.43125 0.13750 0.13750
0 0.38906 0.84141 0.33437 0.31719
0 0.31953 0.16641 0.15469 0.15469
2 0.11875 0.28125 0.18438 0.18438
1 0.84375 0.37969 0.25938 0.25938
0 0.77266 0.51328 0.20781 0.20781
0 0.26953 0.42422 0.25469 0.25469
2 0.18047 0.17266 0.21094 0.21094
3 0.81484 0.42422 0.15469 0.15469
0 0.45625 0.10625 0.20625 0.20625
