0 0.13750 0.43203 0.27500 0.29531
1 0.62422 0.15859 0.19531 0.19531
3 0.52656 0.40469 0.30938 0.30938
1 0.32344 0.74375 0.26562 0.26562
2 0.24766 0.25391 0.21094 0.21094
3 0.59844 0.69375 0.25938 0.25938
0 0.84609 0.69453 0.20156 0.20156
3 0.28672 0.36484 0.32031 0.32031
1 0.72031 0.48125 0.15625 0.15625
1 0.26953 0.08750 0.18281 0.17500
0 0.44844 0.61094 0.34687 0.34687
0 0.24609 0.55703 0.25469 0.25469
3 0.30234 0.49609 0.28281 0.28281
3 0.84453 0.91484 0.13906 0.13906
2 0.33125 0.06953 0.16875 0.13906
2 0.38203 0.42422 0.15781 0.15781
0 0.16797 0.34141 0.32344 0.32344
1 0.86250 0.63125 0.19062 0.19062
3 0.78203 0.83594 0.35156 0.32812
