0 0.42969 0.22187 0.24375 0.24375
1 0.12266 0.87344 0.24531 0.25312
1 0.15547 0.79922 0.24219 0.24219
3 0.37500 0.69688 0.22812 0.22812
0 0.63828 0.78516 0.28906 0.28906
0 0.37500 0.37812 0.24688 0.24688
3 0.76094 0.30000 0.25625 0.25625
1 0.08750 0.12812 0.12812 0.12812
0 0.14609 0.22422 0.14531 0.14531
0 0.50547 0.46328 0.32031 0.32031
2 0.51484 0.12656 0.32969 0.25312
0 0.86406 0.14297 0.27187 0.28594
3 0.87969 0.85078 0.24063 0.29844
0 0.83594 0.49375 0.20938 0.20938
0 0.53359 0.25234 0.21719 0.21719
3 0.28672 0.11172 0.23594 0.22344
2 0.69922 0.13047 0.17656 0.17656
