2 0.46406 0.85938 0.32500 0.28125
0 0.90781 0.51094 0.18438 0.18438
0 0.61719 0.27187 0.23125 0.23125
0 0.29609 0.80391 0.14531 0.14531
2 0.31328 0.15078 0.26094 0.26094
0 0.29375 0.22812 0.35000 0.35000
0 0.40234 0.70547 0.26094 0.26094
0 0.11563 0.51875 0.23125 0.23125
2 0.38203 0.48984 0.24219 0.24219
0 0.49766 0.54297 0.23594 0.23594
1 0.52656 0.65156 0.15625 0.15625
2 0.45156 0.75156 0.16250 0.16250
0 0.25078 0.63672 0.19531 0.19531
0 0.88672 0.39297 0.17344 0.17344
2 0.80234 0.33203 0.18906 0.18906
0 0.70000 0.53281 0.22187 0.22187
1 0.53984 0.37578 0.14844 0.14844
0 0.73594 0.68594 0.27500 0.27500
0 0.56016 0.22891 0.28281 0.28281
2 0.15625 0.70078 0.31250 0.34219
0 0.19922 0.20859 0.15781 0.15781
0 0.44219 0.11875 0.14375 0.14375
0 0.43359 0.28359 0.29844 0.29844
