0 0.26562 0.84219 0.26562 0.26562
0 0.86484 0.51328 0.27031 0.29531
2 0.49922 0.66016 0.23281 0.23281
0 0.80703 0.47578 0.23594 0.23594
0 0.85156 0.29531 0.21250 0.21250
0 0.17813 0.46875 0.30312 0.30312
2 0.40391 0.08203 0.18906 0.16406
0 0.71797 0.14922 0.28281 0.28281
2 0.51562 0.10391 0.21875 0.20781
1 0.49219 0.84062 0.22187 0.22187
0 0.14062 0.74375 0.28125 0.28437
0 0.82422 0.77891 0.19531 0.19531
0 0.08984 0.60156 0.17969 0.18750
1 0.86875 0.07187 0.14688 0.14375
0 0.52266 0.42109 0.27969 0.27969
3 0.86094 0.80937 0.27813 0.33437
3 0.57266 0.87109 0.22656 0.22656
0 0.60156 0.77500 0.22187 0.22187
0 0.58516 0.82422 0.23906 0.23906
