2 0.15469 0.90781 0.15625 0.15625
2 0.35469 0.65000 0.32188 0.32188
1 0.67969 0.17188 0.21563 0.21563
0 0.74687 0.90781 0.24375 0.18438
0 0.81719 0.85156 0.17500 0.17500
2 0.54531 0.65312 0.23438 0.23438
3 0.58125 0.08750 0.20938 0.17500
1 0.46406 0.26406 0.24063 0.24063
1 0.37656 0.31719 0.27813 0.27813
0 0.93516 0.10000 0.12969 0.16250
1 0.47578 0.45859 0.22969 0.22969
1 0.12422 0.52656 0.24844 0.32500
1 0.35547 0.19766 0.23594 0.23594
1 0.72188 0.33750 0.19687 0.19687
2 0.79219 0.79375 0.22500 0.22500
