2 0.21563 0.80781 0.29688 0.29688
0 0.37656 0.91250 0.22187 0.17500
1 0.88047 0.41172 0.23906 0.27656
1 0.19062 0.36250 0.25000 0.25000
2 0.55078 0.66328 0.16406 0.16406
0 0.60313 0.42812 0.26875 0.26875
0 0.34609 0.56953 0.30781 0.30781
3 0.14375 0.88047 0.28750 0.23906
3 0.87891 0.26094 0.24219 0.26250
1 0.82266 0.83203 0.27031 0.27031
0 0.52266 0.21797 0.22656 0.22656
3 0.28750 0.64531 0.27500 0.27500
2 0.87266 0.18359 0.25469 0.27656
0 0.83359 0.86328 0.21719 0.21719
0 0.23594 0.09141 0.20625 0.18281
3 0.46563 0.26094 0.31250 0.31250
1 0.59141 0.62891 0.17969 0.17969
