0 0.86953 0.85234 0.25781 0.25781
1 0.51719 0.10156 0.17813 0.17813
2 0.87109 0.25156 0.25781 0.29375
1 0.48672 0.62266 0.28281 0.28281
3 0.64531 0.76875 0.35313 0.35313
0 0.52031 0.34063 0.29063 0.29063
3 0.70391 0.13984 0.14531 0.14531
1 0.68047 0.83516 0.22344 0.22344
0 0.68672 0.86641 0.12969 0.12969
1 0.23359 0.81797 0.36094 0.36094
1 0.84141 0.47891 0.20469 0.20469
3 0.16562 0.16406 0.33125 0.32812
3 0.09609 0.75000 0.19219 0.25312
1 0.61953 0.44297 0.17344 0.17344
2 0.20938 0.21563 0.19687 0.19687
2 0.58516 0.22891 0.12031 0.12031
1 0.54297 0.63047 0.18594 0.18594
0 0.15469 0.89375 0.18125 0.18125
1 0.77031 0.40937 0.26250 0.26250
