1 0.30547 0.16172 0.33906 0.32344
1 0.71719 0.34219 0.14062 0.14062
0 0.18203 0.88125 0.29219 0.23750
2 0.48750 0.60469 0.25000 0.25000
1 0.91250 0.40234 0.17500 0.21094
3 0.32812 0.37500 0.27813 0.27813
1 0.65625 0.10703 0.21563 0.21406
0 0.10000 0.79688 0.15313 0.15313
0 0.77187 0.83437 0.28125 0.28125
0 0.72344 0.29063 0.11875 0.11875
1 0.72422 0.49766 0.30156 0.30156
0 0.41094 0.24375 0.27187 0.27187
1 0.19844 0.48594 0.31875 0.31875
1 0.09922 0.50625 0.19844 0.24063
2 0.40078 0.25859 0.23906 0.23906
0 0.91641 0.90000 0.16719 0.18125
1 0.45391 0.07891 0.16094 0.15781
1 0.35391 0.89453 0.17031 0.17031
1 0.37031 0.76406 0.15625 0.15625
1 0.66094 0.87500 0.15625 0.15625
2 0.66875 0.71875 0.30625 0.30625
