1 0.73828 0.75547 0.15781 0.15781
1 0.62266 0.41484 0.34531 0.34531
3 0.88828 0.52578 0.22344 0.27031
0 0.86953 0.46953 0.26094 0.27344
2 0.75703 0.66641 0.12969 0.12969
1 0.11172 0.21797 0.22344 0.25781
3 0.30312 0.38281 0.33437 0.33437
0 0.18672 0.29453 0.17031 0.17031
3 0.10391 0.62266 0.14531 0.14531
2 0.51953 0.84141 0.32031 0.31719
3 0.75547 0.07891 0.15781 0.15781
2 0.26250 0.16875 0.29375 0.29375
3 0.73359 0.86328 0.31094 0.27344
3 0.55312 0.59375 0.26250 0.26250
3 0.37422 0.93047 0.14531 0.13906
1 0.80156 0.28281 0.26562 0.26562
1 0.50000 0.88359 0.28437 0.23281
1 0.35078 0.39141 0.20156 0.20156
