2 0.60938 0.56719 0.27500 0.27500
1 0.26094 0.30156 0.27500 0.27500
3 0.64062 0.43125 0.20312 0.20312
1 0.55234 0.66797 0.13906 0.13906
2 0.64453 0.25078 0.21094 0.21094
2 0.80156 0.87500 0.26250 0.25000
2 0.14922 0.56641 0.24844 0.24844
3 0.54531 0.39062 0.26875 0.26875
1 0.85547 0.17422 0.21094 0.21094
0 0.12656 0.48125 0.15625 0.15625
3 0.64062 0.74531 0.31250 0.31250
1 0.09688 0.88828 0.19375 0.22344
1 0.22187 0.14844 0.19687 0.19687
3 0.36172 0.61172 0.18906 0.18906
0 0.84922 0.91250 0.17656 0.17500
2 0.43828 0.63672 0.17656 0.17656
2 0.20234 0.18359 0.16719 0.16719
