0 0.73672 0.71328 0.22031 0.22031
0 0.30547 0.57891 0.13906 0.13906
3 0.33437 0.51094 0.15937 0.15937
3 0.20547 0.53359 0.26406 0.26406
1 0.60625 0.57500 0.16562 0.16562
0 0.89141 0.76250 0.21719 0.26250
0 0.57500 0.31406 0.33125 0.33125
3 0.82188 0.19844 0.15937 0.15937
2 0.49531 0.61250 0.20312 0.20312
2 0.12266 0.38047 0.13281 0.13281
0 0.67500 0.30625 0.21250 0.21250
0 0.71172 0.25859 0.17031 0.17031
1 0.72734 0.54922 0.13281 0.13281
0 0.90781 0.17031 0.17188 0.17188
1 0.43438 0.39375 0.31875 0.31875
2 0.30000 0.17813 0.33750 0.33750
