1 0.34531 0.85078 0.33437 0.29844
2 0.83125 0.84062 0.31562 0.31562
2 0.64062 0.53125 0.30938 0.30938
1 0.62344 0.68594 0.32812 0.32812
2 0.55000 0.18594 0.21563 0.21563
0 0.77344 0.71250 0.15625 0.15625
2 0.68437 0.57656 0.24688 0.24688
1 0.62266 0.34609 0.34219 0.34219
3 0.41406 0.53125 0.23750 0.23750
2 0.23516 0.62109 0.28594 0.28594
1 0.56328 0.86641 0.30781 0.26719
1 0.35313 0.11875 0.28437 0.23750
2 0.89844 0.74687 0.20312 0.21563
1 0.52578 0.74141 0.19219 0.19219
0 0.79922 0.83359 0.22344 0.22344
1 0.45078 0.48203 0.15781 0.15781
1 0.17266 0.54141 0.17031 0.17031
1 0.28594 0.43906 0.26562 0.26562
3 0.21328 0.44922 0.29219 0.29219
