3 0.39375 0.36562 0.33437 0.33437
1 0.24766 0.28828 0.36719 0.36719
0 0.69141 0.74609 0.30156 0.30156
0 0.23047 0.13047 0.23906 0.23906
0 0.62656 0.76094 0.15625 0.15625
3 0.52734 0.84141 0.21406 0.21406
2 0.57031 0.66875 0.22187 0.22187
1 0.88125 0.50859 0.23750 0.26406
0 0.77031 0.42656 0.29375 0.29375
2 0.52578 0.30547 0.33906 0.33906
1 0.38359 0.09922 0.23281 0.19844
3 0.79609 0.28672 0.34844 0.34844
2 0.85391 0.48516 0.27031 0.27031
3 0.44141 0.20547 0.34844 0.34844
0 0.54453 0.10234 0.16406 0.16406
2 0.13437 0.10547 0.24063 0.21094
0 0.82109 0.34453 0.15469 0.15469
3 0.72969 0.14219 0.11563 0.11563
1 0.45312 0.63594 0.25938 0.25938
0 0.85156 0.85547 0.29688 0.28906
