0 0.27813 0.87187 0.25000 0.25000
3 0.49453 0.54766 0.28906 0.28906
0 0.69375 0.18438 0.22187 0.22187
0 0.09062 0.18125 0.14375 0.14375
0 0.63281 0.35000 0.21250 0.21250
0 0.12812 0.72969 0.25625 0.28437
0 0.90859 0.13516 0.18281 0.21406
2 0.42109 0.23828 0.30469 0.30469
0 0.75234 0.41953 0.26406 0.26406
0 0.42656 0.66875 0.29688 0.29688
0 0.70781 0.57969 0.19062 0.19062
0 0.54531 0.45312 0.16562 0.16562
0 0.58125 0.46875 0.11875 0.11875
3 0.88281 0.86328 0.23438 0.24219
3 0.35703 0.75078 0.31406 0.31406
1 0.13437 0.60547 0.26875 0.27031
0 0.80312 0.09141 0.21250 0.18281
