0 0.90938 0.52187 0.18125 0.24063
2 0.29922 0.81484 0.19844 0.19844
2 0.31641 0.39297 0.21094 0.21094
3 0.14062 0.40313 0.19062 0.19062
2 0.18984 0.26328 0.21094 0.21094
1 0.36250 0.81094 0.17500 0.17500
0 0.77812 0.35156 0.28750 0.28750
3 0.70547 0.17578 0.21406 0.21406
0 0.69141 0.63828 0.24531 0.24531
2 0.14766 0.81172 0.17969 0.17969
1 0.84609 0.63672 0.14844 0.14844
2 0.32812 0.07422 0.16875 0.14844
2 0.33828 0.19141 0.30156 0.30156
2 0.80078 0.81016 0.25781 0.25781
1 0.53594 0.58750 0.25312 0.25312
0 0.48359 0.40547 0.35156 0.35156
0 0.55312 0.64375 0.18750 0.18750
0 0.35391 0.18359 0.19531 0.19531
