1 0.61719 0.29531 0.20938 0.20938
0 0.83203 0.65469 0.33594 0.34375
1 0.70859 0.56641 0.19531 0.19531
2 0.27813 0.17344 0.29375 0.29375
1 0.51875 0.19062 0.30312 0.30312
0 0.16484 0.52422 0.17656 0.17656
3 0.14688 0.78281 0.22187 0.22187
3 0.88047 0.62266 0.23906 0.29844
1 0.86641 0.80703 0.22969 0.22969
0 0.58125 0.19844 0.20000 0.20000
0 0.69609 0.81953 0.19219 0.19219
1 0.90703 0.73281 0.18594 0.19375
2 0.79375 0.15937 0.25312 0.25312
3 0.33828 0.79141 0.12031 0.12031
1 0.88984 0.16562 0.22031 0.24063
2 0.43438 0.33750 0.27187 0.27187
