3 0.39219 0.23750 0.20938 0.20938
2 0.68359 0.92344 0.18281 0.15313
0 0.69375 0.66563 0.21250 0.21250
0 0.28125 0.27031 0.32500 0.32500
3 0.48516 0.77109 0.28906 0.28906
0 0.63125 0.74531 0.22500 0.22500
1 0.47344 0.90625 0.16250 0.16250
3 0.88594 0.50078 0.22812 0.23906
1 0.21563 0.30469 0.21250 0.21250
0 0.22266 0.83984 0.25781 0.25781
0 0.89453 0.20469 0.21094 0.21875
0 0.66719 0.48438 0.30000 0.30000
3 0.37188 0.69219 0.26250 0.26250
1 0.65312 0.40313 0.29063 0.29063
0 0.16875 0.60625 0.18750 0.18750
1 0.73750 0.83281 0.20312 0.20312
2 0.62500 0.08750 0.15625 0.15625
0 0.50859 0.34922 0.17344 0.17344
