1 0.39531 0.89922 0.20625 0.20156
2 0.15078 0.89062 0.22656 0.21875
1 0.63438 0.88281 0.24375 0.23438
3 0.90547 0.37891 0.18906 0.19844
3 0.13750 0.15937 0.23125 0.23125
1 0.32031 0.54219 0.18438 0.18438
1 0.20156 0.31562 0.15625 0.15625
0 0.69766 0.19609 0.21406 0.21406
1 0.55312 0.39687 0.15000 0.15000
1 0.23984 0.16328 0.34219 0.32656
1 0.78594 0.70625 0.18125 0.18125
1 0.92188 0.33828 0.15625 0.18594
3 0.30234 0.14609 0.24219 0.24219
3 0.23203 0.67578 0.21406 0.21406
3 0.44688 0.26094 0.17813 0.17813
2 0.17891 0.84453 0.19531 0.19531
3 0.09375 0.89062 0.17813 0.17813
0 0.58828 0.94141 0.12656 0.11719
3 0.27578 0.28047 0.26406 0.26406
0 0.82031 0.50625 0.31250 0.31250
