0 0.71719 0.35000 0.21563 0.21563
1 0.12422 0.69219 0.24844 0.29688
2 0.59219 0.42500 0.13437 0.13437
0 0.90781 0.60078 0.18438 0.23594
1 0.14609 0.77734 0.16406 0.16406
2 0.49375 0.25625 0.22187 0.22187
3 0.84297 0.84453 0.20781 0.20781
1 0.36484 0.54609 0.30781 0.30781
1 0.68984 0.62266 0.13594 0.13594
2 0.23906 0.14375 0.12812 0.12812
0 0.80000 0.67344 0.34687 0.34687
0 0.45391 0.23672 0.18906 0.18906
0 0.76641 0.39609 0.16719 0.16719
0 0.76328 0.31641 0.17344 0.17344
2 0.63516 0.18359 0.30781 0.30781
1 0.66094 0.81875 0.28125 0.28125
