0 0.92656 0.47656 0.14688 0.18125
0 0.58906 0.76406 0.20625 0.20625
0 0.50234 0.69141 0.22031 0.22031
1 0.30703 0.74766 0.24219 0.24219
0 0.46094 0.80937 0.14062 0.14062
1 0.77500 0.58750 0.17813 0.17813
0 0.60000 0.59375 0.25312 0.25312
1 0.08438 0.74375 0.16875 0.16875
2 0.51875 0.45000 0.16875 0.16875
3 0.31172 0.22422 0.25781 0.25781
1 0.42812 0.30000 0.17813 0.17813
3 0.71328 0.75547 0.27344 0.27344
0 0.85469 0.70156 0.28437 0.28437
1 0.31328 0.58047 0.24531 0.24531
2 0.75703 0.85391 0.30469 0.29219
0 0.78906 0.31875 0.13125 0.13125
3 0.21953 0.15547 0.33281 0.31094
0 0.10859 0.38281 0.21719 0.28125
0 0.87969 0.19062 0.24063 0.31562
