0 0.66641 0.23203 0.32656 0.32656
0 0.20156 0.57188 0.29063 0.29063
0 0.88281 0.14453 0.23438 0.27031
0 0.42891 0.18984 0.31094 0.31094
0 0.86094 0.48750 0.19687 0.19687
3 0.81016 0.30703 0.14531 0.14531
0 0.26797 0.30078 0.20156 0.20156
0 0.88281 0.21875 0.17813 0.17813
1 0.28281 0.13750 0.34687 0.27500
1 0.25938 0.25781 0.18438 0.18438
2 0.37109 0.12812 0.25781 0.25625
2 0.68594 0.36719 0.16250 0.16250
0 0.79531 0.80000 0.27813 0.27813
0 0.12422 0.33984 0.24844 0.26094
3 0.54375 0.67188 0.28750 0.28750
3 0.08984 0.46484 0.13594 0.13594
