0 0.31328 0.23203 0.33594 0.33594
0 0.08438 0.18750 0.16875 0.17813
0 0.60234 0.78359 0.23594 0.23594
0 0.52266 0.78516 0.29219 0.29219
0 0.48906 0.91250 0.18438 0.17500
1 0.72891 0.15859 0.11719 0.11719
0 0.35078 0.72891 0.27969 0.27969
2 0.18203 0.93672 0.17031 0.12656
0 0.15937 0.70156 0.26562 0.26562
0 0.83516 0.15859 0.15156 0.15156
0 0.36094 0.72344 0.20938 0.20938
2 0.11094 0.12500 0.21250 0.21250
0 0.55859 0.68047 0.28281 0.28281
2 0.27891 0.32578 0.27344 0.27344
0 0.22734 0.75859 0.22969 0.22969
0 0.44688 0.82969 0.17500 0.17500
