2 0.63516 0.20547 0.20781 0.20781
0 0.56406 0.55937 0.34063 0.34063
3 0.75469 0.16094 0.31250 0.31250
3 0.40078 0.87891 0.25156 0.24219
0 0.66094 0.38281 0.23438 0.23438
0 0.27969 0.50469 0.20312 0.20312
3 0.82969 0.29688 0.34063 0.35313
2 0.31250 0.82344 0.33750 0.33750
2 0.68125 0.81719 0.28750 0.28750
3 0.82812 0.13047 0.28750 0.26094
1 0.37656 0.74219 0.28750 0.28750
2 0.49531 0.19062 0.16250 0.16250
0 0.12344 0.71016 0.24688 0.32656
0 0.49844 0.60469 0.25625 0.25625
0 0.18750 0.46875 0.17188 0.17188
0 0.85469 0.28750 0.18750 0.18750
0 0.68281 0.65000 0.29063 0.29063
0 0.35391 0.27891 0.14844 0.14844
3 0.57344 0.68906 0.26562 0.26562
