1 0.64687 0.40156 0.14062 0.14062
3 0.21641 0.16797 0.31094 0.31094
1 0.34531 0.09922 0.20000 0.19844
0 0.43438 0.13125 0.17813 0.17813
0 0.11641 0.66641 0.23281 0.25156
1 0.85391 0.59453 0.14531 0.14531
3 0.89531 0.91563 0.20938 0.16875
0 0.89375 0.10781 0.21250 0.21563
0 0.45391 0.76797 0.24219 0.24219
2 0.75234 0.88281 0.31094 0.23438
0 0.28359 0.34453 0.32344 0.32344
3 0.71484 0.73672 0.29844 0.29844
0 0.87891 0.84609 0.24219 0.30781
1 0.54219 0.62500 0.17813 0.17813
1 0.53672 0.23984 0.22969 0.22969
0 0.07031 0.55312 0.14062 0.15000
1 0.27187 0.29219 0.12812 0.12812
0 0.49375 0.16562 0.25625 0.25625
1 0.70156 0.71719 0.23125 0.23125
0 0.77891 0.46641 0.21719 0.21719
