0 0.10078 0.15937 0.20156 0.24375
0 0.32109 0.21172 0.26719 0.26719
2 0.10078 0.80625 0.20156 0.20312
1 0.40078 0.48203 0.34844 0.34844
0 0.36016 0.66797 0.23906 0.23906
0 0.65391 0.82891 0.34531 0.34219
2 0.20547 0.28828 0.27344 0.27344
0 0.54219 0.15781 0.23125 0.23125
1 0.15156 0.20000 0.25625 0.25625
0 0.84297 0.60313 0.31406 0.31562
1 0.30000 0.85625 0.30000 0.28750
0 0.81094 0.35625 0.15625 0.15625
0 0.80078 0.08594 0.17969 0.17188
0 0.91016 0.46719 0.17969 0.20938
0 0.33281 0.26406 0.15000 0.15000
0 0.53047 0.53047 0.27969 0.27969
