1 0.28281 0.76875 0.16250 0.16250
0 0.26641 0.53359 0.24844 0.24844
0 0.49375 0.09219 0.14375 0.14375
0 0.90078 0.40234 0.19844 0.27031
2 0.50703 0.24609 0.19844 0.19844
0 0.18047 0.26484 0.19219 0.19219
0 0.36484 0.80391 0.24844 0.24844
0 0.94141 0.83281 0.11719 0.15313
0 0.09688 0.94063 0.12812 0.11875
0 0.53203 0.82891 0.28281 0.28281
0 0.20391 0.57891 0.34219 0.34219
0 0.59688 0.74062 0.28750 0.28750
0 0.57266 0.50234 0.33594 0.33594
3 0.82969 0.18594 0.23438 0.23438
0 0.09375 0.23125 0.18750 0.22500
