1 0.15703 0.32578 0.27031 0.27031
1 0.85000 0.33047 0.30000 0.32344
0 0.11953 0.80234 0.12344 0.12344
0 0.14844 0.41563 0.17188 0.17188
0 0.88672 0.56953 0.22656 0.25469
0 0.55781 0.80937 0.31562 0.31562
3 0.90078 0.38203 0.12969 0.12969
0 0.74687 0.91328 0.17813 0.17344
0 0.55000 0.23750 0.28750 0.28750
1 0.39062 0.60313 0.20625 0.20625
3 0.71953 0.48516 0.15781 0.15781
0 0.75469 0.12031 0.30938 0.24063
0 0.31094 0.76250 0.31875 0.31875
3 0.44844 0.21406 0.21250 0.21250
2 0.32969 0.70625 0.16250 0.16250
2 0.30781 0.22500 0.23125 0.23125
3 0.42109 0.41328 0.19531 0.19531
3 0.87344 0.69844 0.23750 0.23750
3 0.47031 0.10781 0.20312 0.20312
