0 0.61172 0.13359 0.16094 0.16094
2 0.87344 0.18750 0.17813 0.17813
1 0.19219 0.84531 0.21250 0.21250
2 0.34922 0.57422 0.23281 0.23281
0 0.73281 0.85156 0.13750 0.13750
3 0.36250 0.41875 0.24375 0.24375
1 0.64922 0.36797 0.16406 0.16406
1 0.67031 0.41094 0.20625 0.20625
0 0.72891 0.54922 0.20156 0.20156
1 0.66563 0.50625 0.26562 0.26562
0 0.13047 0.77969 0.26094 0.26562
0 0.17500 0.36094 0.25000 0.25000
2 0.90625 0.51250 0.18750 0.20000
2 0.92500 0.83828 0.15000 0.16094
0 0.35547 0.19453 0.20156 0.20156
1 0.13125 0.87031 0.21875 0.21875
1 0.45859 0.33828 0.24844 0.24844
0 0.17031 0.42812 0.27813 0.27813
