0 0.67969 0.75781 0.21875 0.21875
0 0.43359 0.11797 0.24219 0.23594
0 0.85625 0.16875 0.21250 0.21250
0 0.47734 0.35234 0.30781 0.30781
0 0.53984 0.10234 0.24531 0.20469
0 0.12422 0.43047 0.21094 0.21094
0 0.74922 0.11953 0.19531 0.19531
0 0.36328 0.53672 0.13594 0.13594
0 0.52578 0.53203 0.27656 0.27656
0 0.37344 0.76250 0.17500 0.17500
0 0.26250 0.62344 0.26875 0.26875
0 0.16641 0.79453 0.13906 0.13906
1 0.25859 0.92812 0.15781 0.14375
2 0.57656 0.76562 0.22187 0.22187
0 0.37109 0.70391 0.12031 0.12031
2 0.80781 0.33281 0.23125 0.23125
