0 0.76250 0.57188 0.21563 0.21563
0 0.42031 0.70156 0.18125 0.18125
0 0.29609 0.41016 0.26406 0.26406
2 0.33828 0.61328 0.22656 0.22656
3 0.44141 0.21172 0.30781 0.30781
2 0.06641 0.71328 0.13281 0.15781
0 0.82812 0.21875 0.23750 0.23750
1 0.61719 0.51562 0.14375 0.14375
0 0.12344 0.80078 0.24688 0.27031
2 0.10625 0.18047 0.21250 0.28594
1 0.21016 0.61797 0.26719 0.26719
2 0.64609 0.80547 0.26406 0.26406
0 0.27031 0.58437 0.16250 0.16250
0 0.40937 0.56250 0.21250 0.21250
0 0.84297 0.86797 0.22969 0.22969
0 0.65391 0.17109 0.26094 0.26094
0 0.30547 0.48359 0.18281 0.18281
3 0.72109 0.90469 0.22344 0.19062
0 0.07969 0.41094 0.15937 0.16875
