3 0.46875 0.54844 0.23438 0.23438
1 0.88984 0.44766 0.21094 0.21094
3 0.84297 0.61797 0.28281 0.28281
1 0.48672 0.13047 0.14844 0.14844
1 0.43750 0.42656 0.14375 0.14375
3 0.69453 0.64141 0.29531 0.29531
1 0.13203 0.63828 0.26406 0.28906
2 0.37969 0.26562 0.24375 0.24375
0 0.30234 0.25234 0.31719 0.31719
3 0.23672 0.61328 0.28906 0.28906
3 0.58672 0.35859 0.29531 0.29531
1 0.55156 0.53125 0.26250 0.26250
1 0.55703 0.40234 0.20469 0.20469
0 0.32344 0.19687 0.23125 0.23125
0 0.16016 0.61172 0.16719 0.16719
2 0.85000 0.66719 0.26875 0.26875
2 0.76875 0.16406 0.17813 0.17813
0 0.64766 0.30391 0.15781 0.15781
2 0.12422 0.75703 0.24844 0.26406
