1 0.66328 0.56016 0.31094 0.31094
0 0.67969 0.19375 0.32500 0.32500
0 0.78359 0.36953 0.14531 0.14531
0 0.59609 0.61484 0.16719 0.16719
0 0.15391 0.46953 0.24844 0.24844
3 0.62031 0.12109 0.26250 0.24219
0 0.71250 0.65156 0.18438 0.18438
2 0.25625 0.39531 0.15000 0.15000
0 0.41719 0.73750 0.20938 0.20938
0 0.29766 0.54453 0.20156 0.20156
0 0.15937 0.79063 0.22812 0.22812
0 0.14375 0.23594 0.23438 0.23438
0 0.66953 0.59453 0.25469 0.25469
0 0.20078 0.53047 0.22656 0.22656
2 0.07656 0.34453 0.15313 0.18281
0 0.51406 0.46094 0.23125 0.23125
0 0.51562 0.78594 0.11563 0.11563
0 0.21719 0.68125 0.33750 0.33750
