0 0.69297 0.15234 0.27656 0.27656
0 0.12812 0.10625 0.21875 0.21250
1 0.31719 0.39844 0.35625 0.35625
3 0.90156 0.84062 0.19687 0.22187
0 0.39219 0.45000 0.25938 0.25938
0 0.68047 0.34453 0.29531 0.29531
0 0.65938 0.43438 0.16562 0.16562
0 0.57109 0.92266 0.15781 0.15469
2 0.09297 0.20234 0.12344 0.12344
0 0.72031 0.59219 0.13125 0.13125
0 0.14844 0.89766 0.23750 0.20469
1 0.23672 0.11484 0.27969 0.22969
0 0.27187 0.30938 0.27500 0.27500
0 0.75703 0.89687 0.25469 0.20625
0 0.28047 0.83359 0.28906 0.28906
