3 0.39687 0.46563 0.27187 0.27187
3 0.59062 0.61094 0.28437 0.28437
2 0.37812 0.35156 0.29375 0.29375
0 0.47969 0.17656 0.18125 0.18125
0 0.69063 0.47656 0.26562 0.26562
0 0.42109 0.66641 0.25469 0.25469
1 0.87422 0.74297 0.16406 0.16406
0 0.85234 0.59141 0.22031 0.22031
0 0.43047 0.56797 0.19219 0.19219
2 0.19531 0.49062 0.29375 0.29375
0 0.41016 0.78359 0.17344 0.17344
0 0.19219 0.91719 0.18750 0.16562
0 0.81172 0.27422 0.25781 0.25781
2 0.53672 0.20078 0.20469 0.20469
3 0.82578 0.33203 0.27031 0.27031
0 0.69609 0.12891 0.29219 0.25781
0 0.40156 0.43281 0.15000 0.15000
0 0.78125 0.41563 0.26875 0.26875
0 0.34141 0.72109 0.20156 0.20156
2 0.85625 0.75938 0.11875 0.11875
