0 0.14453 0.84609 0.26094 0.26094
2 0.92969 0.88594 0.14062 0.15000
1 0.53203 0.85391 0.30469 0.29219
0 0.83047 0.47734 0.31719 0.31719
1 0.62578 0.43203 0.18906 0.18906
0 0.93672 0.37812 0.12656 0.12812
1 0.09609 0.62656 0.19219 0.22187
0 0.39062 0.33750 0.22812 0.22812
1 0.86562 0.38438 0.25938 0.25938
1 0.29922 0.31484 0.26719 0.26719
0 0.86094 0.28750 0.27813 0.28750
3 0.72266 0.32422 0.17344 0.17344
0 0.84062 0.83750 0.18750 0.18750
1 0.21016 0.54297 0.17031 0.17031
1 0.23203 0.64453 0.22656 0.22656
0 0.60625 0.29688 0.33125 0.33125
3 0.65547 0.64766 0.29219 0.29219
2 0.68125 0.52187 0.20938 0.20938
1 0.22812 0.74531 0.25938 0.25938
0 0.20547 0.16016 0.13906 0.13906
0 0.16250 0.36562 0.32500 0.34687
