1 0.58437 0.87656 0.20000 0.20000
1 0.55312 0.38438 0.32500 0.32500
3 0.51016 0.43828 0.16719 0.16719
2 0.45391 0.68828 0.20156 0.20156
0 0.44453 0.23984 0.14844 0.14844
1 0.79609 0.51172 0.22344 0.22344
2 0.24688 0.83594 0.30000 0.30000
3 0.15078 0.48359 0.16719 0.16719
2 0.11250 0.14531 0.15937 0.15937
1 0.47656 0.91250 0.21563 0.17500
3 0.38672 0.89766 0.26406 0.20469
3 0.26719 0.22031 0.21250 0.21250
3 0.22578 0.07422 0.17656 0.14844
1 0.21172 0.18203 0.21406 0.21406
3 0.90312 0.47187 0.14062 0.14062
1 0.86797 0.68984 0.26406 0.28906
2 0.69297 0.37891 0.17031 0.17031
3 0.82500 0.13125 0.30000 0.26250
2 0.61328 0.63672 0.26406 0.26406
0 0.42500 0.48906 0.25312 0.25312
3 0.64687 0.62031 0.14688 0.14688
2 0.43906 0.16562 0.13750 0.13750
