0 0.50781 0.48750 0.31875 0.31875
2 0.48984 0.08984 0.16094 0.16094
0 0.70000 0.59688 0.14688 0.14688
1 0.86562 0.81563 0.22812 0.22812
0 0.56328 0.87266 0.28281 0.25469
0 0.54922 0.54297 0.17344 0.17344
0 0.89062 0.36641 0.21875 0.25781
0 0.38281 0.87344 0.30938 0.25312
0 0.13125 0.89062 0.26250 0.21875
0 0.19141 0.27266 0.25469 0.25469
1 0.64922 0.37734 0.31094 0.31094
0 0.80625 0.50938 0.14062 0.14062
0 0.07969 0.66328 0.15937 0.18281
2 0.61953 0.79453 0.22344 0.22344
0 0.23750 0.62187 0.14688 0.14688
3 0.76797 0.82422 0.27344 0.27344
0 0.53672 0.84922 0.23594 0.23594
1 0.85938 0.23203 0.28125 0.35156
3 0.62969 0.28906 0.13437 0.13437
