1 0.32188 0.47187 0.24688 0.24688
0 0.21484 0.61172 0.22656 0.22656
0 0.48359 0.38203 0.15156 0.15156
2 0.54063 0.07031 0.16875 0.14062
0 0.42734 0.24141 0.17656 0.17656
1 0.70312 0.88438 0.15000 0.15000
0 0.32188 0.68281 0.36250 0.36250
0 0.57656 0.50313 0.24375 0.24375
1 0.84297 0.18672 0.31406 0.33594
1 0.14766 0.74766 0.23281 0.23281
1 0.24922 0.83828 0.28906 0.28906
2 0.15469 0.13437 0.22812 0.22812
1 0.29609 0.82734 0.20781 0.20781
0 0.83281 0.24844 0.33437 0.33437
2 0.77969 0.29844 0.19375 0.19375
0 0.82031 0.69219 0.15625 0.15625
0 0.64062 0.58281 0.26250 0.26250
0 0.56484 0.74453 0.23906 0.23906
