3 0.10859 0.44141 0.20469 0.20469
0 0.42969 0.43438 0.19687 0.19687
3 0.14219 0.72109 0.28437 0.34219
1 0.60625 0.77969 0.19687 0.19687
3 0.86875 0.81016 0.26250 0.28906
0 0.76797 0.47266 0.32344 0.32344
1 0.48047 0.18828 0.29219 0.29219
1 0.83047 0.75234 0.29531 0.29531
1 0.73516 0.88516 0.19219 0.19219
0 0.15000 0.21719 0.29063 0.29063
2 0.16953 0.57734 0.32344 0.32344
0 0.31875 0.22656 0.27500 0.27500
0 0.51641 0.64141 0.26406 0.26406
2 0.37344 0.32188 0.29688 0.29688
2 0.61484 0.10859 0.17344 0.17344
0 0.21719 0.51406 0.23438 0.23438
3 0.47813 0.29531 0.15937 0.15937
