0 0.08125 0.63047 0.16250 0.16719
0 0.88594 0.84375 0.16250 0.16250
0 0.93437 0.65781 0.13125 0.16250
0 0.19609 0.13594 0.33594 0.27187
1 0.14141 0.18359 0.28281 0.29531
0 0.68750 0.37500 0.27813 0.27813
1 0.25547 0.65859 0.34844 0.34844
2 0.86875 0.60234 0.26250 0.26406
3 0.72109 0.74922 0.24844 0.24844
0 0.49297 0.66172 0.31406 0.31406
3 0.28594 0.55312 0.22187 0.22187
2 0.86797 0.31875 0.26406 0.30625
3 0.46172 0.53203 0.21406 0.21406
1 0.82656 0.19844 0.20000 0.20000
0 0.61406 0.75156 0.24063 0.24063
1 0.68984 0.16484 0.30469 0.30469
0 0.12578 0.67422 0.16406 0.16406
0 0.29844 0.27344 0.25938 0.25938
0 0.76250 0.27656 0.22500 0.22500
1 0.16641 0.47734 0.18281 0.18281
1 0.61562 0.36406 0.24375 0.24375
