3 0.50703 0.53359 0.31094 0.31094
0 0.09453 0.74219 0.18906 0.25000
2 0.91328 0.66172 0.16719 0.16719
0 0.41484 0.48359 0.21406 0.21406
0 0.73359 0.43516 0.27969 0.27969
0 0.44375 0.82812 0.25625 0.25625
0 0.30859 0.26641 0.28281 0.28281
0 0.11094 0.72031 0.18438 0.18438
0 0.56484 0.16016 0.22344 0.22344
0 0.87266 0.70703 0.15781 0.15781
3 0.93203 0.20391 0.13594 0.15781
0 0.82500 0.13437 0.28125 0.26875
0 0.43750 0.13594 0.18125 0.18125
1 0.50547 0.84297 0.24219 0.24219
0 0.57812 0.49531 0.22187 0.22187
