2 0.78672 0.42891 0.27031 0.27031
1 0.48828 0.67891 0.30469 0.30469
0 0.75703 0.16172 0.28594 0.28594
1 0.22187 0.60938 0.21563 0.21563
3 0.50391 0.13828 0.30781 0.27656
0 0.92891 0.68594 0.14219 0.18438
2 0.78984 0.61016 0.26719 0.26719
2 0.29766 0.12422 0.18906 0.18906
1 0.86953 0.23203 0.21094 0.21094
2 0.39141 0.67109 0.12969 0.12969
3 0.57891 0.24609 0.17656 0.17656
0 0.76016 0.72109 0.27344 0.27344
1 0.65938 0.22187 0.32500 0.32500
0 0.59922 0.41016 0.23281 0.23281
2 0.29531 0.43594 0.25000 0.25000
3 0.83594 0.78906 0.15000 0.15000
2 0.59297 0.58203 0.32656 0.32656
1 0.87109 0.17734 0.23594 0.23594
0 0.85391 0.65703 0.15469 0.15469
