1 0.52266 0.13672 0.25781 0.25781
1 0.32891 0.29453 0.20156 0.20156
1 0.37734 0.92891 0.17969 0.14219
1 0.55312 0.26562 0.29375 0.29375
1 0.06641 0.91953 0.13281 0.16094
2 0.68047 0.38984 0.14844 0.14844
2 0.36797 0.10234 0.22656 0.20469
3 0.83281 0.55625 0.20625 0.20625
1 0.67891 0.65703 0.19844 0.19844
2 0.79453 0.74922 0.32656 0.32656
1 0.18359 0.27578 0.16719 0.16719
0 0.20156 0.09922 0.25625 0.19844
2 0.34609 0.65859 0.18281 0.18281
2 0.81484 0.43203 0.25469 0.25469
3 0.50391 0.71172 0.17969 0.17969
3 0.61875 0.80937 0.16250 0.16250
2 0.87656 0.10781 0.24688 0.21563
3 0.32109 0.14453 0.20469 0.20469
1 0.38047 0.36328 0.22969 0.22969
1 0.63281 0.20625 0.19375 0.19375
