0 0.43750 0.14531 0.34687 0.29063
1 0.44375 0.82344 0.31562 0.31562
2 0.79531 0.48438 0.33750 0.33750
1 0.91641 0.57344 0.16719 0.21563
0 0.90781 0.48125 0.15000 0.15000
3 0.55781 0.65469 0.34687 0.34687
0 0.65938 0.56875 0.16250 0.16250
1 0.67812 0.54844 0.17813 0.17813
1 0.16797 0.29922 0.32031 0.32031
2 0.33281 0.71250 0.28750 0.28750
3 0.88672 0.48672 0.15156 0.15156
0 0.08594 0.47344 0.15000 0.15000
0 0.23438 0.58594 0.22500 0.22500
3 0.84375 0.92656 0.18750 0.14688
0 0.40391 0.28047 0.21719 0.21719
