0 0.20859 0.91172 0.18906 0.17656
0 0.39141 0.74453 0.25781 0.25781
1 0.50234 0.30703 0.21094 0.21094
0 0.65625 0.38438 0.29375 0.29375
0 0.19609 0.35547 0.29219 0.29219
2 0.56875 0.13906 0.17500 0.17500
0 0.58672 0.42266 0.35156 0.35156
0 0.50703 0.77109 0.36094 0.36094
0 0.21406 0.28281 0.16875 0.16875
0 0.47266 0.11563 0.28594 0.23125
3 0.23750 0.54531 0.29063 0.29063
0 0.09297 0.58828 0.18594 0.22969
1 0.42422 0.93437 0.15469 0.13125
1 0.80312 0.91484 0.18438 0.17031
2 0.58203 0.72109 0.26094 0.26094
0 0.58125 0.07891 0.16875 0.15781
0 0.09062 0.56875 0.16250 0.16250
0 0.83047 0.46172 0.26719 0.26719
0 0.80937 0.14844 0.25938 0.25938
0 0.43984 0.34922 0.17031 0.17031
0 0.22187 0.14531 0.27500 0.27500
