2 0.22422 0.15391 0.28906 0.28906
1 0.77187 0.76250 0.23438 0.23438
1 0.36484 0.29922 0.25156 0.25156
2 0.63750 0.34219 0.34687 0.34687
0 0.50469 0.26875 0.35313 0.35313
3 0.41250 0.18438 0.27187 0.27187
1 0.06563 0.69766 0.13125 0.17656
0 0.08984 0.37344 0.17969 0.20938
3 0.78047 0.08906 0.17969 0.17813
1 0.89766 0.40391 0.20469 0.21406
0 0.42891 0.54609 0.13594 0.13594
0 0.17500 0.57969 0.27187 0.27187
3 0.30938 0.53594 0.29688 0.29688
1 0.19062 0.27500 0.24688 0.24688
0 0.48438 0.88906 0.19375 0.19375
3 0.16094 0.17031 0.18438 0.18438
2 0.21563 0.60000 0.25312 0.25312
0 0.52734 0.74766 0.21719 0.21719
1 0.57812 0.11953 0.30000 0.23906
0 0.81172 0.21641 0.20156 0.20156
