0 0.71719 0.20625 0.20312 0.20312
0 0.65156 0.38594 0.16250 0.16250
0 0.93750 0.61719 0.12500 0.15625
0 0.11172 0.15156 0.22344 0.24063
3 0.41328 0.80547 0.27969 0.27969
0 0.90703 0.65781 0.18594 0.20000
0 0.23984 0.09062 0.18594 0.18125
0 0.83594 0.22031 0.17500 0.17500
1 0.54219 0.44375 0.22187 0.22187
0 0.33750 0.62031 0.19062 0.19062
0 0.82422 0.35391 0.28281 0.28281
0 0.40156 0.25000 0.15000 0.15000
1 0.29531 0.51250 0.30938 0.30938
2 0.73516 0.90547 0.20156 0.18906
1 0.81875 0.91719 0.21563 0.16562
0 0.15469 0.08438 0.18750 0.16875
1 0.22031 0.25469 0.32188 0.32188
0 0.11953 0.68516 0.15781 0.15781
2 0.26562 0.37812 0.22500 0.22500
0 0.84609 0.29141 0.16719 0.16719
0 0.13203 0.35234 0.26406 0.33281
