0 0.50000 0.70937 0.30312 0.30312
0 0.38125 0.15469 0.20312 0.20312
1 0.83516 0.19297 0.16094 0.16094
0 0.49375 0.34375 0.26875 0.26875
0 0.56328 0.73516 0.30781 0.30781
0 0.50313 0.84688 0.20938 0.20938
0 0.66797 0.63359 0.27344 0.27344
1 0.84922 0.56641 0.23594 0.23594
0 0.31953 0.90547 0.18906 0.18906
1 0.50078 0.43203 0.21406 0.21406
0 0.51094 0.53594 0.28125 0.28125
0 0.60859 0.78672 0.19531 0.19531
1 0.81016 0.78203 0.23906 0.23906
2 0.86172 0.38359 0.19219 0.19219
0 0.19844 0.12812 0.28437 0.25625
0 0.44297 0.15234 0.20156 0.20156
