3 0.52266 0.33203 0.13594 0.13594
2 0.30469 0.26406 0.18125 0.18125
1 0.87656 0.62656 0.15937 0.15937
2 0.14375 0.17969 0.13437 0.13437
3 0.08672 0.30234 0.17344 0.18281
2 0.81797 0.16016 0.18906 0.18906
0 0.52500 0.25781 0.14062 0.14062
0 0.50547 0.12500 0.31094 0.25000
0 0.71328 0.63047 0.20781 0.20781
0 0.11719 0.37031 0.23438 0.25625
3 0.86875 0.71797 0.26250 0.28906
1 0.12109 0.73203 0.24219 0.25781
2 0.68359 0.50391 0.19844 0.19844
2 0.80859 0.87422 0.18594 0.18594
2 0.29375 0.82500 0.31562 0.31562
2 0.48125 0.48594 0.22812 0.22812
