0 0.85156 0.66563 0.20312 0.20312
0 0.84844 0.57812 0.17813 0.17813
2 0.68281 0.77344 0.20312 0.20312
0 0.29531 0.85625 0.18125 0.18125
0 0.42891 0.62891 0.29531 0.29531
0 0.13516 0.73125 0.27031 0.31250
0 0.67656 0.35156 0.26562 0.26562
1 0.17109 0.25547 0.18906 0.18906
0 0.73047 0.89297 0.25469 0.21406
0 0.27813 0.66250 0.15937 0.15937
2 0.21016 0.28047 0.24219 0.24219
3 0.57891 0.41484 0.24844 0.24844
0 0.08203 0.75703 0.15156 0.15156
1 0.74062 0.93516 0.17500 0.12969
1 0.85859 0.48984 0.28281 0.32031
0 0.85469 0.53125 0.20938 0.20938
