0 0.49453 0.18672 0.16094 0.16094
3 0.26719 0.67500 0.24375 0.24375
2 0.14531 0.06016 0.12187 0.12031
0 0.85703 0.74766 0.28594 0.34219
0 0.18203 0.87422 0.23281 0.23281
1 0.75547 0.43828 0.22031 0.22031
1 0.36016 0.27109 0.26094 0.26094
0 0.49844 0.35000 0.35938 0.35938
0 0.57422 0.72422 0.12969 0.12969
0 0.64609 0.15859 0.21406 0.21406
0 0.26562 0.44531 0.25938 0.25938
0 0.30078 0.34766 0.24844 0.24844
1 0.56406 0.44688 0.20938 0.20938
0 0.16406 0.36719 0.28125 0.28125
3 0.58047 0.19453 0.21719 0.21719
0 0.79453 0.64141 0.22031 0.22031
3 0.06797 0.70078 0.13594 0.16094
