0 0.92422 0.93906 0.13281 0.12187
1 0.58359 0.11875 0.25156 0.23750
0 0.45859 0.14609 0.33906 0.29219
1 0.64531 0.64375 0.21563 0.21563
3 0.61406 0.76719 0.26250 0.26250
2 0.27109 0.83203 0.21406 0.21406
1 0.08281 0.86875 0.15625 0.15625
2 0.10703 0.35781 0.21406 0.24688
3 0.22891 0.79453 0.21719 0.21719
0 0.58437 0.21250 0.16562 0.16562
1 0.76250 0.82656 0.28125 0.28125
2 0.46172 0.45078 0.33906 0.33906
1 0.31484 0.26016 0.24531 0.24531
1 0.12734 0.92500 0.16719 0.15000
2 0.15156 0.57031 0.24063 0.24063
3 0.30312 0.17031 0.30625 0.30625
2 0.30781 0.71406 0.14375 0.14375
2 0.58594 0.28750 0.22187 0.22187
1 0.75938 0.50156 0.30938 0.30938
