3 0.15391 0.40703 0.30781 0.31406
2 0.33281 0.66563 0.16250 0.16250
3 0.25859 0.28984 0.15781 0.15781
1 0.57891 0.52109 0.26406 0.26406
1 0.73906 0.52500 0.28750 0.28750
2 0.10781 0.65234 0.21563 0.25781
3 0.34844 0.23438 0.17813 0.17813
3 0.62578 0.58672 0.22969 0.22969
1 0.66484 0.87422 0.25469 0.25156
0 0.85938 0.49844 0.26250 0.26250
2 0.76953 0.35234 0.30156 0.30156
1 0.12109 0.12891 0.24219 0.25781
0 0.78984 0.65547 0.30781 0.30781
2 0.31562 0.76719 0.15625 0.15625
1 0.18516 0.85156 0.32969 0.29688
3 0.65703 0.17734 0.22031 0.22031
1 0.24844 0.46250 0.19375 0.19375
0 0.47422 0.88672 0.17031 0.17031
2 0.92734 0.44141 0.12031 0.12031
3 0.68828 0.86953 0.19219 0.19219
