1 0.89609 0.69922 0.18594 0.18594
2 0.27813 0.75469 0.18438 0.18438
1 0.65547 0.78047 0.31094 0.31094
3 0.19453 0.64922 0.23594 0.23594
0 0.39453 0.59297 0.29844 0.29844
3 0.70469 0.30781 0.15937 0.15937
3 0.57812 0.33437 0.26250 0.26250
1 0.78594 0.18125 0.22187 0.22187
0 0.52031 0.64531 0.14375 0.14375
1 0.64375 0.87656 0.24688 0.24688
3 0.25234 0.12266 0.27656 0.24531
1 0.45234 0.21328 0.31719 0.31719
3 0.78203 0.57422 0.16719 0.16719
1 0.19453 0.19453 0.15156 0.15156
0 0.38594 0.83906 0.31250 0.31250
1 0.36094 0.87656 0.20625 0.20625
2 0.28047 0.20391 0.32656 0.32656
1 0.73438 0.86172 0.32188 0.27656
1 0.48203 0.53047 0.24844 0.24844
2 0.19141 0.77734 0.21094 0.21094
