1 0.14453 0.76641 0.19531 0.19531
0 0.43516 0.73984 0.12656 0.12656
1 0.29219 0.58594 0.21875 0.21875
1 0.17813 0.53906 0.17500 0.17500
1 0.75469 0.86094 0.33750 0.27813
3 0.40937 0.26719 0.20625 0.20625
0 0.14141 0.60859 0.28281 0.30469
0 0.34141 0.77734 0.28906 0.28906
1 0.90234 0.43359 0.19531 0.20156
0 0.80312 0.51562 0.23125 0.23125
0 0.44609 0.12891 0.19219 0.19219
2 0.18750 0.31094 0.19062 0.19062
3 0.62422 0.12266 0.27344 0.24531
0 0.54766 0.19609 0.15781 0.15781
0 0.28906 0.81719 0.25938 0.25938
2 0.76172 0.26172 0.29531 0.29531
1 0.21719 0.83906 0.17188 0.17188
