3 0.64219 0.87187 0.21875 0.21875
0 0.75156 0.07500 0.14062 0.14062
3 0.15078 0.91172 0.15469 0.15469
3 0.89453 0.88047 0.19531 0.19531
1 0.34766 0.17109 0.28594 0.28594
1 0.35078 0.65703 0.19219 0.19219
2 0.86953 0.50234 0.26094 0.26094
1 0.83750 0.15469 0.25000 0.25000
3 0.75156 0.25469 0.31562 0.31562
1 0.43906 0.61406 0.28437 0.28437
2 0.46953 0.49609 0.28594 0.28594
1 0.28047 0.92812 0.15469 0.14375
2 0.72813 0.51719 0.29063 0.29063
3 0.90547 0.69219 0.18906 0.19375
0 0.82969 0.30312 0.20000 0.20000
1 0.52266 0.16016 0.15156 0.15156
2 0.34063 0.40625 0.29063 0.29063
3 0.44609 0.11797 0.19844 0.19844
3 0.62266 0.49297 0.14531 0.14531
1 0.51094 0.48594 0.17188 0.17188
