0 0.86953 0.07734 0.15469 0.15469
2 0.17031 0.70156 0.30938 0.30938
2 0.21641 0.30234 0.19844 0.19844
1 0.55781 0.59688 0.20000 0.20000
1 0.38672 0.64766 0.25469 0.25469
2 0.45156 0.76719 0.15625 0.15625
3 0.38516 0.88047 0.15156 0.15156
3 0.29922 0.62578 0.16719 0.16719
0 0.14609 0.65078 0.29219 0.30469
0 0.48125 0.30000 0.25312 0.25312
3 0.88672 0.88906 0.22656 0.22187
3 0.63047 0.31016 0.28906 0.28906
3 0.91641 0.79766 0.13906 0.13906
1 0.68281 0.57188 0.20000 0.20000
0 0.07266 0.61875 0.14531 0.15937
