0 0.2783203125 0.69921875 0.140625 0.0986328125
0 0.4140625 0.66015625 0.0908203125 0.060546875
1 0.138671875 0.8447265625 0.126953125 0.0830078125
0 0.751953125 0.7841796875 0.068359375 0.0546875
0 0.6376953125 0.333984375 0.0908203125 0.0771484375
2 0.34375 0.44140625 0.125 0.052734375
2 0.2119140625 0.2138671875 0.0869140625 0.0498046875
2 0.43359375 0.1005859375 0.083984375 0.044921875
0 0.072265625 0.7109375 0.1220703125 0.0654296875
0 0.8125 0.591796875 0.13671875 0.0703125
0 0.6689453125 0.0810546875 0.1318359375 0.07421875
0 0.2158203125 0.3193359375 0.0703125 0.0537109375
0 0.7880859375 0.2587890625 0.0927734375 0.0625
0 0.5322265625 0.7509765625 0.2197265625 0.064453125
0 0.9423828125 0.0654296875 0.0888671875 0.0498046875
