0 0.134765625 0.212890625 0.1220703125 0.041015625
0 0.29296875 0.3095703125 0.0927734375 0.04296875
0 0.6044921875 0.3759765625 0.11328125 0.05859375
0 0.4931640625 0.416015625 0.087890625 0.046875
0 0.662109375 0.7509765625 0.1923828125 0.0703125
0 0.1435546875 0.646484375 0.08203125 0.0498046875
0 0.6513671875 0.515625 0.1220703125 0.05078125
0 0.9287109375 0.53515625 0.0869140625 0.0576171875
0 0.8173828125 0.6865234375 0.1015625 0.0595703125
0 0.7919921875 0.2998046875 0.095703125 0.0458984375
0 0.6669921875 0.3095703125 0.07421875 0.056640625
0 0.3681640625 0.6474609375 0.1083984375 0.048828125
0 0.5283203125 0.6484375 0.119140625 0.0517578125
0 0.4775390625 0.314453125 0.09765625 0.048828125
0 0.74609375 0.4326171875 0.09375 0.05859375
0 0.1357421875 0.5029296875 0.0791015625 0.0595703125
0 0.41015625 0.4892578125 0.119140625 0.0771484375
