0 0.525390625 0.8564453125 0.07421875 0.044921875
0 0.44140625 0.8623046875 0.060546875 0.04296875
0 0.6875 0.8583984375 0.048828125 0.037109375
0 0.51171875 0.78125 0.056640625 0.0419921875
2 0.30078125 0.107421875 0.0498046875 0.03515625
2 0.5400390625 0.1796875 0.0537109375 0.041015625
2 0.4345703125 0.0537109375 0.099609375 0.0439453125
2 0.630859375 0.16015625 0.0439453125 0.0478515625
0 0.474609375 0.60546875 0.046875 0.0283203125
0 0.18359375 0.5517578125 0.06640625 0.033203125
0 0.087890625 0.595703125 0.05078125 0.0302734375
0 0.7509765625 0.560546875 0.0771484375 0.029296875
1 0.38671875 0.4912109375 0.0556640625 0.03125
0 0.6357421875 0.4326171875 0.05078125 0.0380859375
0 0.3486328125 0.353515625 0.0576171875 0.0361328125
0 0.9091796875 0.4296875 0.060546875 0.029296875
0 0.2021484375 0.2783203125 0.0703125 0.0400390625
0 0.2685546875 0.02734375 0.0576171875 0.0361328125
1 0.5576171875 0.02734375 0.0439453125 0.0400390625
1 0.6826171875 0.037109375 0.05078125 0.0302734375
2 0.865234375 0.048828125 0.0302734375 0.029296875
2 0.3310546875 0.1640625 0.0673828125 0.0380859375
0 0.1357421875 0.1953125 0.05078125 0.0322265625
2 0.5458984375 0.0830078125 0.0517578125 0.025390625
2 0.94921875 0.1865234375 0.0498046875 0.0283203125
2 0.6875 0.298828125 0.0498046875 0.033203125
0 0.8232421875 0.130859375 0.041015625 0.02734375
