0 0.447265625 0.587890625 0.0859375 0.0380859375
2 0.4794921875 0.34765625 0.072265625 0.0498046875
2 0.1953125 0.099609375 0.0966796875 0.0478515625
2 0.603515625 0.0751953125 0.060546875 0.041015625
2 0.4443359375 0.1025390625 0.150390625 0.06640625
2 0.1572265625 0.2099609375 0.0556640625 0.064453125
0 0.2763671875 0.1474609375 0.0341796875 0.037109375
0 0.7763671875 0.1845703125 0.080078125 0.044921875
0 0.392578125 0.88671875 0.06640625 0.056640625
1 0.833984375 0.86328125 0.1220703125 0.048828125
2 0.1357421875 0.724609375 0.0859375 0.05078125
1 0.1279296875 0.439453125 0.064453125 0.04296875
2 0.6328125 0.189453125 0.08984375 0.044921875
0 0.5576171875 0.6171875 0.0947265625 0.0322265625
0 0.9091796875 0.529296875 0.0703125 0.037109375
0 0.2158203125 0.6474609375 0.0439453125 0.0478515625
2 0.2314453125 0.91796875 0.0400390625 0.0283203125
