0 0.1796875 0.837890625 0.099609375 0.048828125
0 0.5869140625 0.84765625 0.111328125 0.0693359375
0 0.3583984375 0.701171875 0.0791015625 0.044921875
0 0.7041015625 0.7158203125 0.09375 0.0390625
0 0.5390625 0.6953125 0.0615234375 0.0302734375
2 0.2080078125 0.6396484375 0.072265625 0.0400390625
0 0.0908203125 0.724609375 0.0703125 0.0322265625
0 0.666015625 0.5615234375 0.052734375 0.0322265625
0 0.47265625 0.5400390625 0.052734375 0.04296875
1 0.2900390625 0.5673828125 0.0771484375 0.052734375
2 0.5244140625 0.474609375 0.1201171875 0.0830078125
1 0.484375 0.1982421875 0.09375 0.0458984375
0 0.564453125 0.2587890625 0.0595703125 0.0439453125
0 0.349609375 0.1044921875 0.0771484375 0.064453125
2 0.0595703125 0.12890625 0.068359375 0.0498046875
0 0.3681640625 0.1884765625 0.0400390625 0.04296875
0 0.5888671875 0.0771484375 0.08203125 0.046875
0 0.7607421875 0.1845703125 0.04296875 0.0380859375
0 0.8134765625 0.1025390625 0.0439453125 0.0419921875
0 0.251953125 0.4052734375 0.072265625 0.03515625
1 0.0703125 0.3564453125 0.08203125 0.0556640625
