0 0.1884765625 0.6357421875 0.203125 0.134765625
0 0.4970703125 0.951171875 0.271484375 0.09765625
0 0.06640625 0.765625 0.1318359375 0.1650390625
0 0.345703125 0.7177734375 0.16015625 0.140625
0 0.115234375 0.943359375 0.220703125 0.11328125
0 0.4931640625 0.7373046875 0.1396484375 0.142578125
0 0.3134765625 0.376953125 0.1162109375 0.06640625
0 0.599609375 0.73828125 0.12109375 0.1171875
0 0.048828125 0.5625 0.09765625 0.138671875
0 0.90234375 0.9521484375 0.19140625 0.0947265625
0 0.4296875 0.5390625 0.166015625 0.08984375
0 0.5615234375 0.6474609375 0.12890625 0.0810546875
0 0.763671875 0.7802734375 0.1025390625 0.10546875
0 0.4189453125 0.6298828125 0.1728515625 0.0966796875
0 0.6650390625 0.8271484375 0.1123046875 0.1220703125
0 0.265625 0.2802734375 0.0966796875 0.07421875
0 0.1015625 0.4677734375 0.1591796875 0.109375
0 0.033203125 0.3125 0.06640625 0.09375
0 0.1591796875 0.2724609375 0.125 0.0595703125
0 0.7431640625 0.4306640625 0.1279296875 0.0703125
0 0.1923828125 0.5322265625 0.1826171875 0.0859375
0 0.248046875 0.7939453125 0.2333984375 0.171875
0 0.55078125 0.8740234375 0.201171875 0.111328125
0 0.162109375 0.38671875 0.1357421875 0.087890625
0 0.484375 0.2822265625 0.0908203125 0.0576171875
0 0.8681640625 0.8486328125 0.1689453125 0.1083984375
0 0.689453125 0.654296875 0.12109375 0.0673828125
0 0.7314453125 0.3505859375 0.0927734375 0.0673828125
