2 0.5244140625 0.419921875 0.0390625 0.046875
2 0.5654296875 0.3681640625 0.0498046875 0.0234375
0 0.412109375 0.7724609375 0.06640625 0.0498046875
0 0.560546875 0.8916015625 0.044921875 0.02734375
2 0.1484375 0.8203125 0.037109375 0.048828125
2 0.4541015625 0.4755859375 0.068359375 0.0400390625
2 0.3681640625 0.46484375 0.0537109375 0.0400390625
2 0.59375 0.48046875 0.046875 0.0498046875
2 0.693359375 0.36328125 0.046875 0.044921875
2 0.263671875 0.2392578125 0.0537109375 0.013671875
2 0.6611328125 0.1826171875 0.029296875 0.025390625
0 0.884765625 0.470703125 0.033203125 0.03515625
0 0.255859375 0.4794921875 0.05859375 0.03125
1 0.2080078125 0.3466796875 0.0419921875 0.0263671875
2 0.501953125 0.2626953125 0.0537109375 0.0244140625
1 0.27734375 0.400390625 0.046875 0.029296875
1 0.0341796875 0.2177734375 0.0419921875 0.0302734375
1 0.083984375 0.337890625 0.056640625 0.037109375
1 0.7041015625 0.2880859375 0.0546875 0.0361328125
0 0.2138671875 0.6689453125 0.04296875 0.0263671875
0 0.2294921875 0.58203125 0.0556640625 0.0322265625
1 0.3056640625 0.1005859375 0.0361328125 0.025390625
0 0.3740234375 0.55078125 0.02734375 0.0380859375
0 0.8974609375 0.6884765625 0.025390625 0.0478515625
1 0.7158203125 0.5166015625 0.0703125 0.0361328125
2 0.662109375 0.8193359375 0.0439453125 0.0390625
2 0.255859375 0.2021484375 0.0419921875 0.0341796875
0 0.2275390625 0.294921875 0.041015625 0.025390625
2 0.4169921875 0.4248046875 0.068359375 0.03125
2 0.3388671875 0.359375 0.0859375 0.04296875
2 0.5302734375 0.46875 0.05078125 0.0380859375
2 0.7734375 0.4169921875 0.0390625 0.0341796875
2 0.8447265625 0.3876953125 0.0771484375 0.05859375
2 0.3701171875 0.240234375 0.0439453125 0.021484375
2 0.4267578125 0.1455078125 0.0458984375 0.0263671875
