0 0.779296875 0.71484375 0.23828125 0.17578125
0 0.3720703125 0.7451171875 0.193359375 0.169921875
0 0.6396484375 0.5341796875 0.1806640625 0.1162109375
0 0.3125 0.55859375 0.1728515625 0.126953125
0 0.8984375 0.447265625 0.1455078125 0.1318359375
0 0.0810546875 0.798828125 0.1552734375 0.18359375
0 0.2431640625 0.41015625 0.1904296875 0.1396484375
0 0.55078125 0.73828125 0.1552734375 0.126953125
0 0.9521484375 0.759765625 0.095703125 0.15234375
0 0.787109375 0.515625 0.1201171875 0.1005859375
0 0.1826171875 0.0556640625 0.1572265625 0.111328125
0 0.203125 0.6767578125 0.185546875 0.1640625
0 0.6357421875 0.3291015625 0.1298828125 0.109375
0 0.765625 0.3125 0.1376953125 0.1142578125
0 0.724609375 0.1455078125 0.16015625 0.142578125
0 0.7109375 0.0361328125 0.1376953125 0.072265625
0 0.0673828125 0.6318359375 0.12890625 0.158203125
0 0.6064453125 0.1708984375 0.091796875 0.0830078125
0 0.3759765625 0.9248046875 0.2548828125 0.1416015625
0 0.8818359375 0.6201171875 0.1689453125 0.125
0 0.5810546875 0.0859375 0.107421875 0.1181640625
0 0.5888671875 0.8828125 0.2001953125 0.201171875
0 0.794921875 0.8916015625 0.2216796875 0.14453125
0 0.6650390625 0.2333984375 0.119140625 0.0791015625
0 0.9404296875 0.177734375 0.1181640625 0.0966796875
0 0.5517578125 0.2626953125 0.1162109375 0.1025390625
0 0.8515625 0.13671875 0.109375 0.0927734375
0 0.556640625 0.6318359375 0.1796875 0.103515625
0 0.158203125 0.9541015625 0.20703125 0.091796875
0 0.103515625 0.193359375 0.1845703125 0.1298828125
0 0.083984375 0.3232421875 0.16796875 0.138671875
0 0.3759765625 0.212890625 0.1083984375 0.1328125
0 0.435546875 0.0341796875 0.1630859375 0.068359375
0 0.310546875 0.0673828125 0.1025390625 0.0849609375
0 0.98046875 0.568359375 0.0390625 0.0966796875
0 0.3984375 0.3291015625 0.173828125 0.1005859375
0 0.494140625 0.1826171875 0.1376953125 0.076171875
0 0.916015625 0.9189453125 0.1259765625 0.162109375
0 0.26171875 0.1455078125 0.1328125 0.068359375
