1 0.2412109375 0.822265625 0.056640625 0.044921875
2 0.2763671875 0.9814453125 0.056640625 0.037109375
0 0.4560546875 0.9306640625 0.0400390625 0.0234375
2 0.2626953125 0.9375 0.0712890625 0.0439453125
2 0.2900390625 0.88671875 0.0537109375 0.0283203125
2 0.9296875 0.9384765625 0.048828125 0.0419921875
0 0.458984375 0.8798828125 0.0458984375 0.015625
0 0.0908203125 0.7763671875 0.060546875 0.0400390625
2 0.087890625 0.720703125 0.0390625 0.0390625
2 0.34375 0.7490234375 0.0361328125 0.056640625
2 0.5107421875 0.55078125 0.04296875 0.0390625
1 0.3876953125 0.69140625 0.0478515625 0.0390625
1 0.6259765625 0.7998046875 0.052734375 0.03125
0 0.533203125 0.41796875 0.0380859375 0.041015625
2 0.4052734375 0.4423828125 0.041015625 0.025390625
2 0.3203125 0.48828125 0.029296875 0.0302734375
2 0.072265625 0.4765625 0.0322265625 0.02734375
2 0.1064453125 0.4423828125 0.044921875 0.03125
2 0.1630859375 0.47265625 0.0341796875 0.0244140625
1 0.61328125 0.458984375 0.03125 0.0302734375
0 0.6533203125 0.4873046875 0.0341796875 0.037109375
2 0.767578125 0.5009765625 0.037109375 0.0302734375
2 0.634765625 0.5927734375 0.0732421875 0.03515625
0 0.580078125 0.30078125 0.029296875 0.0224609375
2 0.7685546875 0.302734375 0.03125 0.025390625
2 0.56640625 0.2353515625 0.033203125 0.033203125
2 0.541015625 0.140625 0.0205078125 0.0185546875
1 0.7412109375 0.2451171875 0.029296875 0.0244140625
2 0.4892578125 0.7373046875 0.01953125 0.0283203125
2 0.42578125 0.8154296875 0.03515625 0.033203125
0 0.76953125 0.7578125 0.0341796875 0.03125
2 0.640625 0.705078125 0.0576171875 0.0224609375
